Gen,Resource,Stamp,TimeStamp_Start,TimeStamp_End,Duration,Indiv_id
0,1,TransfertToDevice,600889492200,601246511000,357018800,-1
0,1,STEP,601398270500,601429179600,30909100,-1
1,1,STEP,601429248500,601456619600,27371100,-1
2,1,STEP,601456697700,601483676000,26978300,-1
3,1,STEP,601483734600,601510764700,27030100,-1
4,1,STEP,601510826700,601537850000,27023300,-1
5,1,STEP,601537901800,601565226200,27324400,-1
6,1,STEP,601565299100,601592019200,26720100,-1
7,1,STEP,601592075300,601618613200,26537900,-1
8,1,STEP,601618671400,601645424900,26753500,-1
9,1,STEP,601645492400,601672286800,26794400,-1
10,1,STEP,601672348000,601699410100,27062100,-1
11,1,STEP,601699469000,601726312500,26843500,-1
12,1,STEP,601726370300,601752982300,26612000,-1
13,1,STEP,601753041500,601779573000,26531500,-1
14,1,STEP,601779643300,601806331500,26688200,-1
15,1,STEP,601806392200,601832883600,26491400,-1
16,1,STEP,601832947800,601859464400,26516600,-1
17,1,STEP,601859522800,601886141800,26619000,-1
18,1,STEP,601886262900,601913493000,27230100,-1
19,1,STEP,601913565500,601940788000,27222500,-1
20,1,STEP,601940845700,601968091400,27245700,-1
21,1,STEP,601968148800,601995479300,27330500,-1
22,1,STEP,601995547500,602022286900,26739400,-1
23,1,STEP,602022342400,602049732200,27389800,-1
24,1,STEP,602049791100,602077014700,27223600,-1
25,1,STEP,602077067700,602104809800,27742100,-1
26,1,STEP,602104860100,602132422800,27562700,-1
27,1,STEP,602132485300,602160467800,27982500,-1
28,1,STEP,602160521500,602188265100,27743600,-1
29,1,STEP,602188319300,602216052500,27733200,-1
30,1,STEP,602216117600,602244409900,28292300,-1
31,1,STEP,602244482400,602272821100,28338700,-1
32,1,STEP,602272896300,602300304400,27408100,-1
33,1,STEP,602300369700,602328517000,28147300,-1
34,1,STEP,602328572500,602356246300,27673800,-1
35,1,STEP,602356306200,602383839200,27533000,-1
36,1,STEP,602383902200,602411877600,27975400,-1
37,1,STEP,602411948200,602439621300,27673100,-1
38,1,STEP,602439693200,602468163900,28470700,-1
39,1,STEP,602468225500,602497208000,28982500,-1
40,1,STEP,602497273000,602525173600,27900600,-1
41,1,STEP,602525231500,602553421200,28189700,-1
42,1,STEP,602553494700,602582330300,28835600,-1
43,1,STEP,602582394700,602610875200,28480500,-1
44,1,STEP,602610956800,602639991200,29034400,-1
45,1,STEP,602640073600,602668528800,28455200,-1
46,1,STEP,602668577100,602696878200,28301100,-1
47,1,STEP,602696931000,602725481800,28550800,-1
48,1,STEP,602725532800,602753603300,28070500,-1
49,1,STEP,602753660100,602782292400,28632300,-1
50,1,STEP,602782347300,602811107900,28760600,-1
51,1,STEP,602811170400,602839807400,28637000,-1
52,1,STEP,602839881700,602868295000,28413300,-1
53,1,STEP,602868375300,602897570300,29195000,-1
54,1,STEP,602897638200,602926353700,28715500,-1
55,1,STEP,602926405600,602955045500,28639900,-1
56,1,STEP,602955102800,602984192800,29090000,-1
57,1,STEP,602984249600,603013527100,29277500,-1
58,1,STEP,603013582800,603042885000,29302200,-1
59,1,STEP,603042949500,603071988500,29039000,-1
60,1,STEP,603072048800,603100870300,28821500,-1
61,1,STEP,603100945300,603129978400,29033100,-1
62,1,STEP,603130056500,603158968100,28911600,-1
63,1,STEP,603159030400,603188799400,29769000,-1
64,1,STEP,603188865700,603217794700,28929000,-1
65,1,STEP,603217863800,603246464000,28600200,-1
66,1,STEP,603246524400,603274765600,28241200,-1
67,1,STEP,603274827100,603302773600,27946500,-1
68,1,STEP,603302826800,603331499900,28673100,-1
69,1,STEP,603331549300,603359281900,27732600,-1
70,1,STEP,603359343400,603388004300,28660900,-1
71,1,STEP,603388059100,603416888100,28829000,-1
72,1,STEP,603417002500,603445312700,28310200,-1
73,1,STEP,603445393400,603474791900,29398500,-1
74,1,STEP,603474913500,603504399700,29486200,-1
75,1,STEP,603504461500,603533741400,29279900,-1
76,1,STEP,603533802200,603563156400,29354200,-1
77,1,STEP,603563226400,603592223000,28996600,-1
78,1,STEP,603592277300,603621613800,29336500,-1
79,1,STEP,603621668800,603651222700,29553900,-1
80,1,STEP,603651275600,603680310200,29034600,-1
81,1,STEP,603680366900,603709789200,29422300,-1
82,1,STEP,603709874300,603739361000,29486700,-1
83,1,STEP,603739427800,603768637600,29209800,-1
84,1,STEP,603768698600,603798038200,29339600,-1
85,1,STEP,603798095800,603827188200,29092400,-1
86,1,STEP,603827244000,603855789300,28545300,-1
87,1,STEP,603855858100,603884541200,28683100,-1
88,1,STEP,603884596200,603913809600,29213400,-1
89,1,STEP,603913866300,603942863300,28997000,-1
90,1,STEP,603942912100,603971717000,28804900,-1
91,1,STEP,603971782500,604001370700,29588200,-1
92,1,STEP,604001431600,604030651900,29220300,-1
93,1,STEP,604030716700,604060050700,29334000,-1
94,1,STEP,604060108800,604089554100,29445300,-1
95,1,STEP,604089608100,604118769400,29161300,-1
96,1,STEP,604118849000,604147674200,28825200,-1
97,1,STEP,604147739500,604176723900,28984400,-1
98,1,STEP,604176785300,604206302200,29516900,-1
99,1,STEP,604206364600,604235376600,29012000,-1
100,1,STEP,604235433200,604265026900,29593700,-1
101,1,STEP,604265143100,604293978000,28834900,-1
102,1,STEP,604294056500,604323652100,29595600,-1
103,1,STEP,604323746700,604352998500,29251800,-1
104,1,STEP,604353057900,604382116000,29058100,-1
105,1,STEP,604382239500,604411047200,28807700,-1
106,1,STEP,604411127900,604440338400,29210500,-1
107,1,STEP,604440459900,604470092000,29632100,-1
108,1,STEP,604470153800,604498860200,28706400,-1
109,1,STEP,604498944800,604529638400,30693600,-1
110,1,STEP,604529715100,604559054500,29339400,-1
111,1,STEP,604559112500,604588257200,29144700,-1
112,1,STEP,604588329700,604617334200,29004500,-1
113,1,STEP,604617392100,604646410300,29018200,-1
114,1,STEP,604646637700,604674815000,28177300,-1
115,1,STEP,604674873100,604703676600,28803500,-1
116,1,STEP,604703775700,604733199900,29424200,-1
117,1,STEP,604733292900,604762216000,28923100,-1
118,1,STEP,604762276800,604790652100,28375300,-1
119,1,STEP,604790706400,604820958500,30252100,-1
120,1,STEP,604821037200,604850191900,29154700,-1
121,1,STEP,604850253700,604878980100,28726400,-1
122,1,STEP,604879031900,604907882900,28851000,-1
123,1,STEP,604907938100,604936408900,28470800,-1
124,1,STEP,604936466500,604965823200,29356700,-1
125,1,STEP,604965976000,604995287300,29311300,-1
126,1,STEP,604995342600,605024667500,29324900,-1
127,1,STEP,605024723000,605053657100,28934100,-1
128,1,STEP,605053713500,605083110800,29397300,-1
129,1,STEP,605083178100,605112566300,29388200,-1
130,1,STEP,605112618500,605141092000,28473500,-1
131,1,STEP,605141147200,605170367300,29220100,-1
132,1,STEP,605170420300,605200494700,30074400,-1
133,1,STEP,605200549200,605229283000,28733800,-1
134,1,STEP,605229351600,605258697500,29345900,-1
135,1,STEP,605258760400,605288372400,29612000,-1
136,1,STEP,605288429400,605317548100,29118700,-1
137,1,STEP,605317602700,605347371400,29768700,-1
138,1,STEP,605347482900,605376775800,29292900,-1
139,1,STEP,605376833700,605407241700,30408000,-1
140,1,STEP,605407291600,605436961100,29669500,-1
141,1,STEP,605437018900,605466526600,29507700,-1
142,1,STEP,605466592400,605495985500,29393100,-1
143,1,STEP,605496034500,605525140400,29105900,-1
144,1,STEP,605525194000,605555216400,30022400,-1
145,1,STEP,605555266900,605584989200,29722300,-1
146,1,STEP,605585042000,605614957100,29915100,-1
147,1,STEP,605615014800,605645374000,30359200,-1
148,1,STEP,605645432200,605675042000,29609800,-1
149,1,STEP,605675103300,605704885100,29781800,-1
150,1,STEP,605704942300,605734603900,29661600,-1
151,1,STEP,605734655400,605764778500,30123100,-1
152,1,STEP,605764837000,605794755500,29918500,-1
153,1,STEP,605794810900,605824774100,29963200,-1
154,1,STEP,605824830200,605854837800,30007600,-1
155,1,STEP,605854913500,605884940500,30027000,-1
156,1,STEP,605884996900,605915108900,30112000,-1
157,1,STEP,605915162900,605945096800,29933900,-1
158,1,STEP,605945162400,605974572900,29410500,-1
159,1,STEP,605974622500,606004274700,29652200,-1
160,1,STEP,606004323700,606034305500,29981800,-1
161,1,STEP,606034363400,606065308100,30944700,-1
162,1,STEP,606065361500,606095299600,29938100,-1
163,1,STEP,606095351700,606124736900,29385200,-1
164,1,STEP,606124786900,606154773600,29986700,-1
165,1,STEP,606154824100,606184815800,29991700,-1
166,1,STEP,606184868000,606215281700,30413700,-1
167,1,STEP,606215364600,606245127500,29762900,-1
168,1,STEP,606245178400,606275218600,30040200,-1
169,1,STEP,606275267700,606305303400,30035700,-1
170,1,STEP,606305356100,606334696600,29340500,-1
171,1,STEP,606334748700,606364188900,29440200,-1
172,1,STEP,606364249700,606394660300,30410600,-1
173,1,STEP,606394757400,606425339100,30581700,-1
174,1,STEP,606425400600,606455310900,29910300,-1
175,1,STEP,606455365300,606484935800,29570500,-1
176,1,STEP,606484992100,606514792800,29800700,-1
177,1,STEP,606514847200,606544778000,29930800,-1
178,1,STEP,606544829900,606574967100,30137200,-1
179,1,STEP,606575018600,606604846600,29828000,-1
180,1,STEP,606604911200,606635326800,30415600,-1
181,1,STEP,606635376200,606665492300,30116100,-1
182,1,STEP,606665549800,606695439900,29890100,-1
183,1,STEP,606695524300,606725816100,30291800,-1
184,1,STEP,606725870600,606755919600,30049000,-1
185,1,STEP,606755978000,606786013200,30035200,-1
186,1,STEP,606786068100,606816479200,30411100,-1
187,1,STEP,606816532800,606847254000,30721200,-1
188,1,STEP,606847325200,606877111800,29786600,-1
189,1,STEP,606877167500,606906652400,29484900,-1
190,1,STEP,606906704200,606936570300,29866100,-1
191,1,STEP,606936622300,606966782400,30160100,-1
192,1,STEP,606966843300,606996718700,29875400,-1
193,1,STEP,606996769300,607026916900,30147600,-1
194,1,STEP,607026968200,607056253000,29284800,-1
195,1,STEP,607056312900,607086016100,29703200,-1
196,1,STEP,607086067500,607116369200,30301700,-1
197,1,STEP,607116421700,607146480800,30059100,-1
198,1,STEP,607146538400,607176530400,29992000,-1
199,1,STEP,607176579700,607207220000,30640300,-1
200,1,STEP,607207271000,607238422600,31151600,-1
201,1,STEP,607238472800,607268925500,30452700,-1
202,1,STEP,607268971500,607298634000,29662500,-1
203,1,STEP,607298709200,607329362000,30652800,-1
204,1,STEP,607329411900,607360170400,30758500,-1
205,1,STEP,607360222100,607390037800,29815700,-1
206,1,STEP,607390104800,607420594800,30490000,-1
207,1,STEP,607420660500,607451634200,30973700,-1
208,1,STEP,607451757600,607481409900,29652300,-1
209,1,STEP,607481477900,607512419600,30941700,-1
210,1,STEP,607512475900,607543433700,30957800,-1
211,1,STEP,607543554200,607574254500,30700300,-1
212,1,STEP,607574309900,607604200800,29890900,-1
213,1,STEP,607604271100,607633927200,29656100,-1
214,1,STEP,607633983600,607665003800,31020200,-1
215,1,STEP,607665061600,607695420400,30358800,-1
216,1,STEP,607695485000,607725817900,30332900,-1
217,1,STEP,607725881000,607755034300,29153300,-1
218,1,STEP,607755090100,607784949500,29859400,-1
219,1,STEP,607785033800,607814731600,29697800,-1
220,1,STEP,607814785000,607844971000,30186000,-1
221,1,STEP,607845026000,607874282000,29256000,-1
222,1,STEP,607874339600,607904259900,29920300,-1
223,1,STEP,607904313500,607933893600,29580100,-1
224,1,STEP,607933946200,607963497700,29551500,-1
225,1,STEP,607963551400,607993121000,29569600,-1
226,1,STEP,607993345500,608023471400,30125900,-1
227,1,STEP,608023533100,608053433400,29900300,-1
228,1,STEP,608053498000,608083795300,30297300,-1
229,1,STEP,608083886200,608114706100,30819900,-1
230,1,STEP,608114772800,608145285200,30512400,-1
231,1,STEP,608145349100,608177227300,31878200,-1
232,1,STEP,608177304900,608209192800,31887900,-1
233,1,STEP,608209256600,608240992500,31735900,-1
234,1,STEP,608241065600,608272836300,31770700,-1
235,1,STEP,608272895100,608303316700,30421600,-1
236,1,STEP,608303374300,608333839600,30465300,-1
237,1,STEP,608334004200,608365643700,31639500,-1
238,1,STEP,608365690700,608397297500,31606800,-1
239,1,STEP,608397381100,608429825000,32443900,-1
240,1,STEP,608429898000,608461958700,32060700,-1
241,1,STEP,608462027600,608494541600,32514000,-1
242,1,STEP,608494606100,608526515800,31909700,-1
243,1,STEP,608526571700,608559321700,32750000,-1
244,1,STEP,608559385700,608593309200,33923500,-1
245,1,STEP,608593366800,608626499200,33132400,-1
246,1,STEP,608626554800,608659015700,32460900,-1
247,1,STEP,608659069200,608693012500,33943300,-1
248,1,STEP,608693064100,608726118600,33054500,-1
249,1,STEP,608726173200,608759250500,33077300,-1
250,1,STEP,608759306600,608791637000,32330400,-1
251,1,STEP,608791732300,608825132400,33400100,-1
252,1,STEP,608825192300,608858787200,33594900,-1
253,1,STEP,608858849000,608892712000,33863000,-1
254,1,STEP,608892763400,608927382000,34618600,-1
255,1,STEP,608927436700,608962978900,35542200,-1
256,1,STEP,608963032900,608997359000,34326100,-1
257,1,STEP,608997409500,609031601100,34191600,-1
258,1,STEP,609031653600,609066286100,34632500,-1
259,1,STEP,609066338700,609100667300,34328600,-1
260,1,STEP,609100715300,609135493000,34777700,-1
261,1,STEP,609135547900,609169424900,33877000,-1
262,1,STEP,609169476800,609202989700,33512900,-1
263,1,STEP,609203044500,609236400400,33355900,-1
264,1,STEP,609236476300,609270609800,34133500,-1
265,1,STEP,609270666300,609305661700,34995400,-1
266,1,STEP,609305757100,609339799900,34042800,-1
267,1,STEP,609339856200,609373683900,33827700,-1
268,1,STEP,609373735200,609408252600,34517400,-1
269,1,STEP,609408309600,609442852500,34542900,-1
270,1,STEP,609442911600,609477002600,34091000,-1
271,1,STEP,609477057100,609511207000,34149900,-1
272,1,STEP,609511256800,609545518800,34262000,-1
273,1,STEP,609545572600,609579175700,33603100,-1
274,1,STEP,609579224500,609613458700,34234200,-1
275,1,STEP,609613512000,609646641900,33129900,-1
276,1,STEP,609646702000,609680963400,34261400,-1
277,1,STEP,609681021000,609715371900,34350900,-1
278,1,STEP,609715418200,609749241000,33822800,-1
279,1,STEP,609749291200,609783591000,34299800,-1
280,1,STEP,609783641400,609817106900,33465500,-1
281,1,STEP,609817175400,609851377600,34202200,-1
282,1,STEP,609851435900,609885339600,33903700,-1
283,1,STEP,609885398900,609919427000,34028100,-1
284,1,STEP,609919477200,609953301500,33824300,-1
285,1,STEP,609953360800,609987296300,33935500,-1
286,1,STEP,609987357600,610020997600,33640000,-1
287,1,STEP,610021061600,610054767400,33705800,-1
288,1,STEP,610054817500,610088937100,34119600,-1
289,1,STEP,610088990400,610122552300,33561900,-1
290,1,STEP,610122600400,610156540600,33940200,-1
291,1,STEP,610156597800,610191414500,34816700,-1
292,1,STEP,610191466500,610225968300,34501800,-1
293,1,STEP,610226023000,610260194300,34171300,-1
294,1,STEP,610260255000,610294367000,34112000,-1
295,1,STEP,610294427700,610329642700,35215000,-1
296,1,STEP,610329692900,610364335100,34642200,-1
297,1,STEP,610364430200,610399012800,34582600,-1
298,1,STEP,610399062700,610432790700,33728000,-1
299,1,STEP,610432843100,610467279500,34436400,-1
300,1,STEP,610467330100,610501243400,33913300,-1
301,1,STEP,610501303800,610534559400,33255600,-1
302,1,STEP,610534613200,610568601100,33987900,-1
303,1,STEP,610568654300,610602966400,34312100,-1
304,1,STEP,610603020300,610637334100,34313800,-1
305,1,STEP,610637388000,610671140500,33752500,-1
306,1,STEP,610671194700,610706228400,35033700,-1
307,1,STEP,610706382500,610741228000,34845500,-1
308,1,STEP,610741272600,610775955200,34682600,-1
309,1,STEP,610776008100,610810279500,34271400,-1
310,1,STEP,610810333900,610844877000,34543100,-1
311,1,STEP,610844943900,610878682800,33738900,-1
312,1,STEP,610878742300,610912973700,34231400,-1
313,1,STEP,610913041800,610946741500,33699700,-1
314,1,STEP,610946803500,610980290400,33486900,-1
315,1,STEP,610980345400,611014656100,34310700,-1
316,1,STEP,611014730900,611049324700,34593800,-1
317,1,STEP,611049384500,611084234300,34849800,-1
318,1,STEP,611084293800,611118004700,33710900,-1
319,1,STEP,611118752000,611152744600,33992600,-1
320,1,STEP,611152827600,611187111100,34283500,-1
321,1,STEP,611187158400,611221829600,34671200,-1
322,1,STEP,611221879600,611256788000,34908400,-1
323,1,STEP,611256846200,611290670000,33823800,-1
324,1,STEP,611290718500,611325464400,34745900,-1
325,1,STEP,611325522900,611359861500,34338600,-1
326,1,STEP,611359915800,611393848400,33932600,-1
327,1,STEP,611393905000,611428873100,34968100,-1
328,1,STEP,611428931400,611463433500,34502100,-1
329,1,STEP,611463490900,611497993000,34502100,-1
330,1,STEP,611498051100,611532897300,34846200,-1
331,1,STEP,611532948300,611567982700,35034400,-1
332,1,STEP,611568038800,611602100000,34061200,-1
333,1,STEP,611602157000,611635906900,33749900,-1
334,1,STEP,611635960800,611670041700,34080900,-1
335,1,STEP,611670102000,611704288500,34186500,-1
336,1,STEP,611704346000,611738528200,34182200,-1
337,1,STEP,611738578600,611772476600,33898000,-1
338,1,STEP,611772531300,611807145800,34614500,-1
339,1,STEP,611807206100,611841464200,34258100,-1
340,1,STEP,611841522800,611876103300,34580500,-1
341,1,STEP,611876217600,611909549000,33331400,-1
342,1,STEP,611909613200,611943415500,33802300,-1
343,1,STEP,611943472100,611977533900,34061800,-1
344,1,STEP,611977607000,612010956400,33349400,-1
345,1,STEP,612011017000,612044102600,33085600,-1
346,1,STEP,612044178400,612077870200,33691800,-1
347,1,STEP,612077935700,612111895800,33960100,-1
348,1,STEP,612111967000,612146235200,34268200,-1
349,1,STEP,612146289000,612180529300,34240300,-1
350,1,STEP,612180589200,612215452700,34863500,-1
351,1,STEP,612215516000,612249134900,33618900,-1
352,1,STEP,612249181600,612283341200,34159600,-1
353,1,STEP,612283391000,612317114600,33723600,-1
354,1,STEP,612317170300,612352399200,35228900,-1
355,1,STEP,612352456500,612387690100,35233600,-1
356,1,STEP,612387747300,612421647500,33900200,-1
357,1,STEP,612421706100,612455642500,33936400,-1
358,1,STEP,612455700000,612490171100,34471100,-1
359,1,STEP,612490218100,612523660600,33442500,-1
360,1,STEP,612523718200,612557955700,34237500,-1
361,1,STEP,612558010000,612592388600,34378600,-1
362,1,STEP,612592445200,612626772100,34326900,-1
363,1,STEP,612626825600,612661183100,34357500,-1
364,1,STEP,612661264200,612695348200,34084000,-1
365,1,STEP,612695422600,612729854100,34431500,-1
366,1,STEP,612729915600,612764513500,34597900,-1
367,1,STEP,612764572400,612798946000,34373600,-1
368,1,STEP,612799022500,612832547900,33525400,-1
369,1,STEP,612832599000,612866935700,34336700,-1
370,1,STEP,612866993200,612901287500,34294300,-1
371,1,STEP,612901339700,612935117000,33777300,-1
372,1,STEP,612935173200,612969880600,34707400,-1
373,1,STEP,612969934500,613005455500,35521000,-1
374,1,STEP,613005511100,613039720400,34209300,-1
375,1,STEP,613039793000,613073919000,34126000,-1
376,1,STEP,613073974200,613107505100,33530900,-1
377,1,STEP,613107563800,613141282000,33718200,-1
378,1,STEP,613141349700,613176493200,35143500,-1
379,1,STEP,613176545400,613212251600,35706200,-1
380,1,STEP,613212303400,613247059800,34756400,-1
381,1,STEP,613247117600,613281228100,34110500,-1
382,1,STEP,613281294500,613316363800,35069300,-1
383,1,STEP,613316429900,613351380700,34950800,-1
384,1,STEP,613351435200,613386154500,34719300,-1
385,1,STEP,613386205900,613420875100,34669200,-1
386,1,STEP,613420928100,613455881300,34953200,-1
387,1,STEP,613455935400,613490742400,34807000,-1
388,1,STEP,613490795600,613525414100,34618500,-1
389,1,STEP,613525476300,613560557200,35080900,-1
390,1,STEP,613560609000,613596216200,35607200,-1
391,1,STEP,613596269100,613630535400,34266300,-1
392,1,STEP,613630587500,613665406600,34819100,-1
393,1,STEP,613665468300,613699630100,34161800,-1
394,1,STEP,613699681100,613734309500,34628400,-1
395,1,STEP,613734364100,613769120600,34756500,-1
396,1,STEP,613769174300,613803740900,34566600,-1
397,1,STEP,613803790000,613838808400,35018400,-1
398,1,STEP,613838860300,613873374700,34514400,-1
399,1,STEP,613873426300,613907418500,33992200,-1
400,1,STEP,613907494000,613941636800,34142800,-1
401,1,STEP,613941720600,613975525700,33805100,-1
402,1,STEP,613975606300,614009597000,33990700,-1
403,1,STEP,614009666200,614043415300,33749100,-1
404,1,STEP,614043482800,614076842600,33359800,-1
405,1,STEP,614076932000,614110037500,33105500,-1
406,1,STEP,614110112000,614143451400,33339400,-1
407,1,STEP,614143509100,614177197800,33688700,-1
408,1,STEP,614177258700,614209085000,31826300,-1
409,1,STEP,614209157600,614242674800,33517200,-1
410,1,STEP,614242736000,614276822400,34086400,-1
411,1,STEP,614276881100,614309799100,32918000,-1
412,1,STEP,614309859600,614340811100,30951500,-1
413,1,STEP,614340867300,614371902200,31034900,-1
414,1,STEP,614371957700,614404157800,32200100,-1
415,1,STEP,614404221900,614437462300,33240400,-1
416,1,STEP,614437585800,614470775000,33189200,-1
417,1,STEP,614470826800,614504104400,33277600,-1
418,1,STEP,614504182700,614539205000,35022300,-1
419,1,STEP,614542031600,614574821400,32789800,-1
420,1,STEP,614574887500,614606059600,31172100,-1
421,1,STEP,614606149500,614637505700,31356200,-1
422,1,STEP,614637631600,614670630600,32999000,-1
423,1,STEP,614670704900,614702356000,31651100,-1
424,1,STEP,614702426900,614734204000,31777100,-1
425,1,STEP,614734264800,614766964700,32699900,-1
426,1,STEP,614767027000,614800006400,32979400,-1
427,1,STEP,614800065300,614833454300,33389000,-1
428,1,STEP,614833516800,614867139600,33622800,-1
429,1,STEP,614867196000,614899672800,32476800,-1
430,1,STEP,614899724100,614933697200,33973100,-1
431,1,STEP,614933764900,614967285500,33520600,-1
432,1,STEP,614967340700,614999678000,32337300,-1
433,1,STEP,614999733300,615031895000,32161700,-1
434,1,STEP,615031951600,615064561800,32610200,-1
435,1,STEP,615064617400,615097082900,32465500,-1
436,1,STEP,615097175600,615128715600,31540000,-1
437,1,STEP,615128773700,615159088900,30315200,-1
438,1,STEP,615159146400,615190472000,31325600,-1
439,1,STEP,615190533600,615221402400,30868800,-1
440,1,STEP,615221473500,615253491500,32018000,-1
441,1,STEP,615253551900,615285247500,31695600,-1
442,1,STEP,615285310800,615316688500,31377700,-1
443,1,STEP,615316759400,615348072600,31313200,-1
444,1,STEP,615348129000,615380698600,32569600,-1
445,1,STEP,615380750600,615412343000,31592400,-1
446,1,STEP,615412393800,615443907100,31513300,-1
447,1,STEP,615443955800,615473986900,30031100,-1
448,1,STEP,615474049200,615505601000,31551800,-1
449,1,STEP,615505659300,615537523400,31864100,-1
450,1,STEP,615537577500,615570519500,32942000,-1
451,1,STEP,615570573900,615601919500,31345600,-1
452,1,STEP,615601969900,615631371600,29401700,-1
453,1,STEP,615631424700,615662114100,30689400,-1
454,1,STEP,615662166900,615692283900,30117000,-1
455,1,STEP,615692337300,615722558600,30221300,-1
456,1,STEP,615722609700,615753635000,31025300,-1
457,1,STEP,615753687000,615784566700,30879700,-1
458,1,STEP,615784625300,615818301600,33676300,-1
459,1,STEP,615818381100,615850888600,32507500,-1
460,1,STEP,615850966400,615882241600,31275200,-1
461,1,STEP,615882294200,615915225900,32931700,-1
462,1,STEP,615915277900,615948279500,33001600,-1
463,1,STEP,615948416500,615980785700,32369200,-1
464,1,STEP,615980837100,616012186600,31349500,-1
465,1,STEP,616012234700,616043715000,31480300,-1
466,1,STEP,616043772800,616075926600,32153800,-1
467,1,STEP,616075976100,616106836600,30860500,-1
468,1,STEP,616106890600,616138730800,31840200,-1
469,1,STEP,616138793000,616170221600,31428600,-1
470,1,STEP,616170295300,616203489600,33194300,-1
471,1,STEP,616203551900,616236630100,33078200,-1
472,1,STEP,616236692500,616267750700,31058200,-1
473,1,STEP,616267804800,616299308900,31504100,-1
474,1,STEP,616299359200,616330464600,31105400,-1
475,1,STEP,616330521200,616361331800,30810600,-1
476,1,STEP,616361393900,616391838000,30444100,-1
477,1,STEP,616391910100,616422581300,30671200,-1
478,1,STEP,616422634600,616453437500,30802900,-1
479,1,STEP,616453492400,616484039900,30547500,-1
480,1,STEP,616484092800,616515302000,31209200,-1
481,1,STEP,616515351700,616546200600,30848900,-1
482,1,STEP,616546255300,616577430600,31175300,-1
483,1,STEP,616577503900,616608200400,30696500,-1
484,1,STEP,616608268800,616640123100,31854300,-1
485,1,STEP,616640201100,616672255300,32054200,-1
486,1,STEP,616672323900,616704168500,31844600,-1
487,1,STEP,616704230800,616736780800,32550000,-1
488,1,STEP,616736860700,616770008200,33147500,-1
489,1,STEP,616770069100,616800997700,30928600,-1
490,1,STEP,616801054100,616833042400,31988300,-1
491,1,STEP,616833125600,616865841700,32716100,-1
492,1,STEP,616865901300,616899364200,33462900,-1
493,1,STEP,616899427500,616932794700,33367200,-1
494,1,STEP,616932857700,616965473100,32615400,-1
495,1,STEP,616965672700,616998160900,32488200,-1
496,1,STEP,616998218200,617031252400,33034200,-1
497,1,STEP,617031305700,617064437800,33132100,-1
498,1,STEP,617064489200,617097858700,33369500,-1
499,1,STEP,617097911400,617130873700,32962300,-1
500,1,STEP,617130920100,617163753600,32833500,-1
501,1,STEP,617163804700,617197743900,33939200,-1
502,1,STEP,617197816900,617231923100,34106200,-1
503,1,STEP,617231972600,617265013000,33040400,-1
504,1,STEP,617265073000,617299086500,34013500,-1
505,1,STEP,617299147000,617332810800,33663800,-1
506,1,STEP,617332869800,617366622400,33752600,-1
507,1,STEP,617366683100,617400451500,33768400,-1
508,1,STEP,617400504100,617435334000,34829900,-1
509,1,STEP,617435386700,617469731200,34344500,-1
510,1,STEP,617469778600,617503633200,33854600,-1
511,1,STEP,617503707800,617538037400,34329600,-1
512,1,STEP,617538103400,617572191000,34087600,-1
513,1,STEP,617572246400,617605996400,33750000,-1
514,1,STEP,617606054600,617640137200,34082600,-1
515,1,STEP,617640199900,617674616600,34416700,-1
516,1,STEP,617674733100,617709141200,34408100,-1
517,1,STEP,617709197400,617743057200,33859800,-1
518,1,STEP,617743116000,617777219100,34103100,-1
519,1,STEP,617777275000,617811609400,34334400,-1
520,1,STEP,617811669100,617845955400,34286300,-1
521,1,STEP,617846009800,617880644000,34634200,-1
522,1,STEP,617880698600,617915374500,34675900,-1
523,1,STEP,617915433700,617949770100,34336400,-1
524,1,STEP,617949823300,617983751000,33927700,-1
525,1,STEP,617983804800,618019152400,35347600,-1
526,1,STEP,618019205200,618053772500,34567300,-1
527,1,STEP,618053823700,618087868300,34044600,-1
528,1,STEP,618087917600,618123477500,35559900,-1
529,1,STEP,618123527000,618158473900,34946900,-1
530,1,STEP,618158532600,618193325100,34792500,-1
531,1,STEP,618193371300,618228111100,34739800,-1
532,1,STEP,618228162800,618263109000,34946200,-1
533,1,STEP,618263164700,618298052700,34888000,-1
534,1,STEP,618298105900,618332695300,34589400,-1
535,1,STEP,618332748300,618367970800,35222500,-1
536,1,STEP,618368031200,618402679100,34647900,-1
537,1,STEP,618402744700,618437606000,34861300,-1
538,1,STEP,618437670100,618472370200,34700100,-1
539,1,STEP,618472436700,618506814600,34377900,-1
540,1,STEP,618506878700,618541205800,34327100,-1
541,1,STEP,618541257700,618576247400,34989700,-1
542,1,STEP,618576327900,618610707000,34379100,-1
543,1,STEP,618610759300,618645492900,34733600,-1
544,1,STEP,618645541100,618681124200,35583100,-1
545,1,STEP,618681177900,618716829000,35651100,-1
546,1,STEP,618716869900,618752727900,35858000,-1
547,1,STEP,618752791400,618788017100,35225700,-1
548,1,STEP,618788076300,618823043800,34967500,-1
549,1,STEP,618823091600,618858170300,35078700,-1
550,1,STEP,618858221300,618893897200,35675900,-1
551,1,STEP,618893969700,618930178000,36208300,-1
552,1,STEP,618930236200,618966082200,35846000,-1
553,1,STEP,618966132300,619001728300,35596000,-1
554,1,STEP,619001778800,619038471400,36692600,-1
555,1,STEP,619038535700,619074989800,36454100,-1
556,1,STEP,619075041300,619109818900,34777600,-1
557,1,STEP,619109869700,619145547800,35678100,-1
558,1,STEP,619145622000,619181228000,35606000,-1
559,1,STEP,619181275100,619216804500,35529400,-1
560,1,STEP,619216855100,619252318700,35463600,-1
561,1,STEP,619252370800,619289405700,37034900,-1
562,1,STEP,619289463600,619327343500,37879900,-1
563,1,STEP,619327406100,619365000600,37594500,-1
564,1,STEP,619365056500,619402938900,37882400,-1
565,1,STEP,619402985700,619440931700,37946000,-1
566,1,STEP,619440978400,619478425000,37446600,-1
567,1,STEP,619478481500,619514947200,36465700,-1
568,1,STEP,619515050600,619552426200,37375600,-1
569,1,STEP,619552520200,619589872100,37351900,-1
570,1,STEP,619589924700,619625735100,35810400,-1
571,1,STEP,619625799300,619662408700,36609400,-1
572,1,STEP,619662467800,619699883800,37416000,-1
573,1,STEP,619699943700,619736494100,36550400,-1
574,1,STEP,619736735900,619772905600,36169700,-1
575,1,STEP,619772965900,619809152500,36186600,-1
576,1,STEP,619809226000,619846390300,37164300,-1
577,1,STEP,619846445400,619882982100,36536700,-1
578,1,STEP,619883060200,619920612400,37552200,-1
579,1,STEP,619920675800,619957947100,37271300,-1
580,1,STEP,619958010300,619995322700,37312400,-1
581,1,STEP,619995456300,620032399500,36943200,-1
582,1,STEP,620032464200,620068214400,35750200,-1
583,1,STEP,620068269800,620105338700,37068900,-1
584,1,STEP,620105493000,620142747000,37254000,-1
585,1,STEP,620142817100,620179134100,36317000,-1
586,1,STEP,620179197000,620215887300,36690300,-1
587,1,STEP,620215970500,620253747700,37777200,-1
588,1,STEP,620253807400,620290194700,36387300,-1
589,1,STEP,620290257300,620327848200,37590900,-1
590,1,STEP,620327911400,620364522600,36611200,-1
591,1,STEP,620364582600,620401843200,37260600,-1
592,1,STEP,620401911300,620438993200,37081900,-1
593,1,STEP,620439049700,620475971300,36921600,-1
594,1,STEP,620476031500,620511799800,35768300,-1
595,1,STEP,620511868000,620548555000,36687000,-1
596,1,STEP,620548626400,620585394800,36768400,-1
597,1,STEP,620585549300,620623022000,37472700,-1
598,1,STEP,620623092400,620660110000,37017600,-1
599,1,STEP,620660181000,620696899700,36718700,-1
600,1,STEP,620696966000,620733695500,36729500,-1
601,1,STEP,620733767300,620770605400,36838100,-1
602,1,STEP,620770688800,620808153000,37464200,-1
603,1,STEP,620808220100,620845467300,37247200,-1
604,1,STEP,620845518900,620883388200,37869300,-1
605,1,STEP,620883447400,620920391000,36943600,-1
606,1,STEP,620920451000,620958277200,37826200,-1
607,1,STEP,620958365600,620995248000,36882400,-1
608,1,STEP,620995319100,621032818600,37499500,-1
609,1,STEP,621032879300,621070347000,37467700,-1
610,1,STEP,621070428800,621108096400,37667600,-1
611,1,STEP,621108168700,621145180400,37011700,-1
612,1,STEP,621145239200,621183639800,38400600,-1
613,1,STEP,621183702600,621222331900,38629300,-1
614,1,STEP,621222396000,621260923000,38527000,-1
615,1,STEP,621260973500,621299318800,38345300,-1
616,1,STEP,621299373500,621337007000,37633500,-1
617,1,STEP,621337062100,621376292500,39230400,-1
618,1,STEP,621376367200,621413432200,37065000,-1
619,1,STEP,621413496500,621452049100,38552600,-1
620,1,STEP,621452114700,621489845200,37730500,-1
621,1,STEP,621489892600,621528134800,38242200,-1
622,1,STEP,621528182700,621566462400,38279700,-1
623,1,STEP,621566510200,621603983700,37473500,-1
624,1,STEP,621604056600,621640677700,36621100,-1
625,1,STEP,621640728100,621679428700,38700600,-1
626,1,STEP,621679476200,621717489600,38013400,-1
627,1,STEP,621717537000,621755271400,37734400,-1
628,1,STEP,621755323500,621794025400,38701900,-1
629,1,STEP,621794080800,621831755400,37674600,-1
630,1,STEP,621831803000,621869849200,38046200,-1
631,1,STEP,621869901200,621908379700,38478500,-1
632,1,STEP,621908421700,621946187400,37765700,-1
633,1,STEP,621946237500,621983725600,37488100,-1
634,1,STEP,621983778000,622021190300,37412300,-1
635,1,STEP,622021242200,622058395600,37153400,-1
636,1,STEP,622058445000,622095633100,37188100,-1
637,1,STEP,622095691700,622133409600,37717900,-1
638,1,STEP,622133491800,622171458700,37966900,-1
639,1,STEP,622171523400,622209418800,37895400,-1
640,1,STEP,622209479300,622245944500,36465200,-1
641,1,STEP,622245998300,622282839300,36841000,-1
642,1,STEP,622282888200,622321586100,38697900,-1
643,1,STEP,622321635900,622359845700,38209800,-1
644,1,STEP,622359889800,622396941200,37051400,-1
645,1,STEP,622396998600,622435230400,38231800,-1
646,1,STEP,622435278800,622473846600,38567800,-1
647,1,STEP,622473899300,622510850800,36951500,-1
648,1,STEP,622510907400,622548524600,37617200,-1
649,1,STEP,622548586200,622586564800,37978600,-1
650,1,STEP,622586618500,622623898900,37280400,-1
651,1,STEP,622623944700,622661832800,37888100,-1
652,1,STEP,622661975100,622698922200,36947100,-1
653,1,STEP,622698972500,622738028400,39055900,-1
654,1,STEP,622738081100,622775945400,37864300,-1
655,1,STEP,622775994100,622814237700,38243600,-1
656,1,STEP,622814288000,622851015900,36727900,-1
657,1,STEP,622851063300,622890100000,39036700,-1
658,1,STEP,622890150200,622927718700,37568500,-1
659,1,STEP,622927773300,622966552900,38779600,-1
660,1,STEP,622966603600,623004234800,37631200,-1
661,1,STEP,623004289700,623042095500,37805800,-1
662,1,STEP,623042157300,623081206800,39049500,-1
663,1,STEP,623081260400,623118969100,37708700,-1
664,1,STEP,623119024100,623157111600,38087500,-1
665,1,STEP,623157162100,623195428300,38266200,-1
666,1,STEP,623195480200,623232722000,37241800,-1
667,1,STEP,623232773000,623270979800,38206800,-1
668,1,STEP,623271036900,623310739600,39702700,-1
669,1,STEP,623310796600,623349203900,38407300,-1
670,1,STEP,623349264300,623387341600,38077300,-1
671,1,STEP,623387389300,623427248300,39859000,-1
672,1,STEP,623427298800,623466780200,39481400,-1
673,1,STEP,623466830000,623506515900,39685900,-1
674,1,STEP,623506569800,623545538300,38968500,-1
675,1,STEP,623545590100,623583269300,37679200,-1
676,1,STEP,623583336300,623621778400,38442100,-1
677,1,STEP,623621832600,623660029500,38196900,-1
678,1,STEP,623660104900,623697781000,37676100,-1
679,1,STEP,623697835500,623737455100,39619600,-1
680,1,STEP,623737603900,623776431900,38828000,-1
681,1,STEP,623776478900,623815135900,38657000,-1
682,1,STEP,623815185200,623854145700,38960500,-1
683,1,STEP,623854194900,623892237200,38042300,-1
684,1,STEP,623892287600,623931663000,39375400,-1
685,1,STEP,623931742100,623971135000,39392900,-1
686,1,STEP,623971190900,624009890000,38699100,-1
687,1,STEP,624010004300,624048447500,38443200,-1
688,1,STEP,624048523400,624086862700,38339300,-1
689,1,STEP,624086912900,624125047700,38134800,-1
690,1,STEP,624125103600,624162964400,37860800,-1
691,1,STEP,624163016300,624200415800,37399500,-1
692,1,STEP,624200466600,624237868600,37402000,-1
693,1,STEP,624237917900,624275099600,37181700,-1
694,1,STEP,624275158800,624312721900,37563100,-1
695,1,STEP,624312772200,624351017600,38245400,-1
696,1,STEP,624351064300,624389753600,38689300,-1
697,1,STEP,624389804800,624428021500,38216700,-1
698,1,STEP,624428073500,624466092700,38019200,-1
699,1,STEP,624466151800,624504650400,38498600,-1
700,1,STEP,624504704500,624543080700,38376200,-1
701,1,STEP,624543128600,624581038700,37910100,-1
702,1,STEP,624581093600,624619973900,38880300,-1
703,1,STEP,624620029200,624657718400,37689200,-1
704,1,STEP,624657767300,624697168800,39401500,-1
705,1,STEP,624697222600,624735251100,38028500,-1
706,1,STEP,624735293500,624773253000,37959500,-1
707,1,STEP,624773306500,624812129200,38822700,-1
708,1,STEP,624812176500,624850534400,38357900,-1
709,1,STEP,624850579300,624889517300,38938000,-1
710,1,STEP,624889563300,624928284600,38721300,-1
711,1,STEP,624928338300,624966393300,38055000,-1
712,1,STEP,624966444200,625005768700,39324500,-1
713,1,STEP,625005823500,625044681900,38858400,-1
714,1,STEP,625044731600,625084005500,39273900,-1
715,1,STEP,625084051400,625123524900,39473500,-1
716,1,STEP,625123574200,625162488500,38914300,-1
717,1,STEP,625162537900,625201540300,39002400,-1
718,1,STEP,625201606700,625241168100,39561400,-1
719,1,STEP,625241299000,625281825000,40526000,-1
720,1,STEP,625281913700,625319214600,37300900,-1
721,1,STEP,625319268000,625357931900,38663900,-1
722,1,STEP,625357990300,625396038500,38048200,-1
723,1,STEP,625396092500,625435106600,39014100,-1
724,1,STEP,625435164200,625473324000,38159800,-1
725,1,STEP,625473384900,625510342800,36957900,-1
726,1,STEP,625510402200,625548760000,38357800,-1
727,1,STEP,625548828200,625587695800,38867600,-1
728,1,STEP,625587765400,625627178600,39413200,-1
729,1,STEP,625627269800,625678645100,51375300,-1
730,1,STEP,625678728700,625720238900,41510200,-1
731,1,STEP,625720326200,625757241100,36914900,-1
732,1,STEP,625757339600,625795065200,37725600,-1
733,1,STEP,625795128000,625833016300,37888300,-1
734,1,STEP,625833073800,625871926800,38853000,-1
735,1,STEP,625871985200,625911165200,39180000,-1
736,1,STEP,625911224000,625951203800,39979800,-1
737,1,STEP,625951290300,625988880100,37589800,-1
738,1,STEP,625988936600,626027616400,38679800,-1
739,1,STEP,626027688100,626066681100,38993000,-1
740,1,STEP,626066736500,626104971800,38235300,-1
741,1,STEP,626105027000,626143576000,38549000,-1
742,1,STEP,626143621600,626181587400,37965800,-1
743,1,STEP,626181635300,626219859300,38224000,-1
744,1,STEP,626219914800,626258915200,39000400,-1
745,1,STEP,626258960200,626297865700,38905500,-1
746,1,STEP,626297920100,626337616900,39696800,-1
747,1,STEP,626337667000,626377323300,39656300,-1
748,1,STEP,626377366700,626416647300,39280600,-1
749,1,STEP,626416699000,626455184900,38485900,-1
750,1,STEP,626455233900,626494664100,39430200,-1
751,1,STEP,626494715000,626532446800,37731800,-1
752,1,STEP,626532508700,626570688600,38179900,-1
753,1,STEP,626570737300,626609718400,38981100,-1
754,1,STEP,626609765500,626649687200,39921700,-1
755,1,STEP,626649752600,626688909600,39157000,-1
756,1,STEP,626688957700,626727537400,38579700,-1
757,1,STEP,626727582700,626766549000,38966300,-1
758,1,STEP,626766599200,626805496700,38897500,-1
759,1,STEP,626805548500,626843641200,38092700,-1
760,1,STEP,626843712800,626882354200,38641400,-1
761,1,STEP,626882405700,626921978400,39572700,-1
762,1,STEP,626922028100,626961694500,39666400,-1
763,1,STEP,626961742400,627001003600,39261200,-1
764,1,STEP,627001054100,627040363500,39309400,-1
765,1,STEP,627040411800,627079188900,38777100,-1
766,1,STEP,627079238900,627117957200,38718300,-1
767,1,STEP,627118012200,627155908200,37896000,-1
768,1,STEP,627155975100,627194449300,38474200,-1
769,1,STEP,627194506000,627233145500,38639500,-1
770,1,STEP,627233192900,627272814300,39621400,-1
771,1,STEP,627272867800,627311158700,38290900,-1
772,1,STEP,627311207900,627350106900,38899000,-1
773,1,STEP,627350156600,627388040900,37884300,-1
774,1,STEP,627388094300,627426978600,38884300,-1
775,1,STEP,627427036000,627466910300,39874300,-1
776,1,STEP,627466965600,627505693900,38728300,-1
777,1,STEP,627505753700,627544158900,38405200,-1
778,1,STEP,627544214600,627582258000,38043400,-1
779,1,STEP,627582318900,627620901700,38582800,-1
780,1,STEP,627620962400,627659167200,38204800,-1
781,1,STEP,627659222400,627697212900,37990500,-1
782,1,STEP,627697271600,627735234100,37962500,-1
783,1,STEP,627735289500,627774660000,39370500,-1
784,1,STEP,627774721500,627813596800,38875300,-1
785,1,STEP,627813705300,627851671800,37966500,-1
786,1,STEP,627851729000,627891643300,39914300,-1
787,1,STEP,627891697300,627929878100,38180800,-1
788,1,STEP,627929934300,627967827100,37892800,-1
789,1,STEP,627967884200,628004442000,36557800,-1
790,1,STEP,628004510300,628042971800,38461500,-1
791,1,STEP,628043029500,628081273800,38244300,-1
792,1,STEP,628081334400,628119082700,37748300,-1
793,1,STEP,628119140000,628157812600,38672600,-1
794,1,STEP,628157869200,628196235600,38366400,-1
795,1,STEP,628196302700,628234405500,38102800,-1
796,1,STEP,628234465300,628273491500,39026200,-1
797,1,STEP,628273552000,628312175200,38623200,-1
798,1,STEP,628312232400,628350319000,38086600,-1
799,1,STEP,628350380700,628388717000,38336300,-1
800,1,STEP,628388775700,628428162000,39386300,-1
801,1,STEP,628428222300,628465384500,37162200,-1
802,1,STEP,628465472900,628503361400,37888500,-1
803,1,STEP,628503421000,628542583800,39162800,-1
804,1,STEP,628542645500,628582551500,39906000,-1
805,1,STEP,628582608600,628620702100,38093500,-1
806,1,STEP,628620760300,628659822600,39062300,-1
807,1,STEP,628659886400,628697737600,37851200,-1
808,1,STEP,628697796300,628736074800,38278500,-1
809,1,STEP,628736137300,628774743200,38605900,-1
810,1,STEP,628774815200,628812944900,38129700,-1
811,1,STEP,628813025500,628851773600,38748100,-1
812,1,STEP,628851838600,628890744600,38906000,-1
813,1,STEP,628890804400,628929410200,38605800,-1
814,1,STEP,628929467800,628970111100,40643300,-1
815,1,STEP,628970166500,629008603600,38437100,-1
816,1,STEP,629008673100,629048232500,39559400,-1
817,1,STEP,629048293000,629086506700,38213700,-1
818,1,STEP,629086566000,629125560300,38994300,-1
819,1,STEP,629125618800,629163990400,38371600,-1
820,1,STEP,629164045500,629202409400,38363900,-1
821,1,STEP,629202508800,629240298000,37789200,-1
822,1,STEP,629240359600,629278734100,38374500,-1
823,1,STEP,629278797300,629318090800,39293500,-1
824,1,STEP,629318145200,629356339200,38194000,-1
825,1,STEP,629356396500,629394455100,38058600,-1
826,1,STEP,629394509000,629433111000,38602000,-1
827,1,STEP,629433170800,629470823500,37652700,-1
828,1,STEP,629470876000,629509473400,38597400,-1
829,1,STEP,629509529400,629546682400,37153000,-1
830,1,STEP,629546736300,629585481200,38744900,-1
831,1,STEP,629585545400,629624082600,38537200,-1
832,1,STEP,629624139000,629663217200,39078200,-1
833,1,STEP,629663289200,629702102200,38813000,-1
834,1,STEP,629702165700,629740546000,38380300,-1
835,1,STEP,629740614700,629778909300,38294600,-1
836,1,STEP,629778969600,629818649800,39680200,-1
837,1,STEP,629818706600,629856776500,38069900,-1
838,1,STEP,629856834000,629895339100,38505100,-1
839,1,STEP,629895393300,629933377700,37984400,-1
840,1,STEP,629933437100,629972003600,38566500,-1
841,1,STEP,629972060200,630011560200,39500000,-1
842,1,STEP,630011611400,630050154400,38543000,-1
843,1,STEP,630050208200,630089389500,39181300,-1
844,1,STEP,630089436400,630127218100,37781700,-1
845,1,STEP,630127267000,630165445100,38178100,-1
846,1,STEP,630165494000,630204342600,38848600,-1
847,1,STEP,630204392900,630242475500,38082600,-1
848,1,STEP,630242524000,630282209000,39685000,-1
849,1,STEP,630282256800,630321501500,39244700,-1
850,1,STEP,630321547600,630360600400,39052800,-1
851,1,STEP,630360670000,630399645200,38975200,-1
852,1,STEP,630399689500,630439109300,39419800,-1
853,1,STEP,630439158900,630479034900,39876000,-1
854,1,STEP,630479090900,630517827600,38736700,-1
855,1,STEP,630517874600,630556593800,38719200,-1
856,1,STEP,630556644500,630596048500,39404000,-1
857,1,STEP,630596097700,630634322100,38224400,-1
858,1,STEP,630634365500,630671976300,37610800,-1
859,1,STEP,630672028700,630710800200,38771500,-1
860,1,STEP,630710849000,630749504800,38655800,-1
861,1,STEP,630749549600,630787317800,37768200,-1
862,1,STEP,630787361700,630826602600,39240900,-1
863,1,STEP,630826663900,630865977100,39313200,-1
864,1,STEP,630866040000,630904502300,38462300,-1
865,1,STEP,630904563700,630943180200,38616500,-1
866,1,STEP,630943236200,630981679100,38442900,-1
867,1,STEP,630981734600,631019878100,38143500,-1
868,1,STEP,631019927100,631058025800,38098700,-1
869,1,STEP,631058072100,631095493700,37421600,-1
870,1,STEP,631095543000,631135354100,39811100,-1
871,1,STEP,631135413000,631174515800,39102800,-1
872,1,STEP,631174572400,631213282400,38710000,-1
873,1,STEP,631213346100,631251846200,38500100,-1
874,1,STEP,631251894900,631291973600,40078700,-1
875,1,STEP,631292022400,631330537400,38515000,-1
876,1,STEP,631330587800,631369120600,38532800,-1
877,1,STEP,631369165800,631407156900,37991100,-1
878,1,STEP,631407203400,631446108100,38904700,-1
879,1,STEP,631446159100,631485556300,39397200,-1
880,1,STEP,631485602600,631523357000,37754400,-1
881,1,STEP,631523412500,631562170000,38757500,-1
882,1,STEP,631562216200,631600561600,38345400,-1
883,1,STEP,631600676700,631638795600,38118900,-1
884,1,STEP,631638853600,631677094700,38241100,-1
885,1,STEP,631677150900,631714753800,37602900,-1
886,1,STEP,631714805100,631753851700,39046600,-1
887,1,STEP,631753903700,631791786900,37883200,-1
888,1,STEP,631791851600,631830127600,38276000,-1
889,1,STEP,631830178500,631867544800,37366300,-1
890,1,STEP,631867596400,631905546400,37950000,-1
891,1,STEP,631905595400,631944396200,38800800,-1
892,1,STEP,631944446000,631982783800,38337800,-1
893,1,STEP,631982839700,632019945700,37106000,-1
894,1,STEP,632020004400,632058693800,38689400,-1
895,1,STEP,632058751900,632097245900,38494000,-1
896,1,STEP,632097315100,632136442700,39127600,-1
897,1,STEP,632136500700,632174104100,37603400,-1
898,1,STEP,632174161300,632212106100,37944800,-1
899,1,STEP,632212156000,632250806700,38650700,-1
900,1,STEP,632250868400,632288810900,37942500,-1
901,1,STEP,632288870200,632328115200,39245000,-1
902,1,STEP,632328179100,632365985900,37806800,-1
903,1,STEP,632366040400,632404838700,38798300,-1
904,1,STEP,632404891100,632443593900,38702800,-1
905,1,STEP,632443658600,632481832100,38173500,-1
906,1,STEP,632481905700,632520891900,38986200,-1
907,1,STEP,632520985500,632558711700,37726200,-1
908,1,STEP,632558766600,632597356700,38590100,-1
909,1,STEP,632597433900,632636306200,38872300,-1
910,1,STEP,632636365600,632674652200,38286600,-1
911,1,STEP,632674750100,632712507700,37757600,-1
912,1,STEP,632712565200,632752218300,39653100,-1
913,1,STEP,632752270400,632791072700,38802300,-1
914,1,STEP,632791123500,632828720300,37596800,-1
915,1,STEP,632828772800,632866338400,37565600,-1
916,1,STEP,632866389300,632905145300,38756000,-1
917,1,STEP,632905202300,632944128700,38926400,-1
918,1,STEP,632944181500,632982341000,38159500,-1
919,1,STEP,632982393900,633021352300,38958400,-1
920,1,STEP,633021415700,633060376200,38960500,-1
921,1,STEP,633060437500,633099960900,39523400,-1
922,1,STEP,633100022900,633139309100,39286200,-1
923,1,STEP,633139460100,633177827100,38367000,-1
924,1,STEP,633177883400,633216345900,38462500,-1
925,1,STEP,633216411800,633253689700,37277900,-1
926,1,STEP,633253745400,633292317500,38572100,-1
927,1,STEP,633292393300,633332251600,39858300,-1
928,1,STEP,633332303300,633370714300,38411000,-1
929,1,STEP,633370768900,633410337100,39568200,-1
930,1,STEP,633410395800,633449373400,38977600,-1
931,1,STEP,633449424200,633488739000,39314800,-1
932,1,STEP,633488820000,633528973200,40153200,-1
933,1,STEP,633529025400,633569302900,40277500,-1
934,1,STEP,633569352500,633608069900,38717400,-1
935,1,STEP,633608119800,633647185200,39065400,-1
936,1,STEP,633647236700,633686053500,38816800,-1
937,1,STEP,633686105500,633725157300,39051800,-1
938,1,STEP,633736914000,633775538300,38624300,-1
939,1,STEP,633775596600,633813425800,37829200,-1
940,1,STEP,633813482600,633853310500,39827900,-1
941,1,STEP,633853399700,633893061300,39661600,-1
942,1,STEP,633893115800,633932301400,39185600,-1
943,1,STEP,633932360000,633971708600,39348600,-1
944,1,STEP,633971752200,634010190200,38438000,-1
945,1,STEP,634010234800,634048713400,38478600,-1
946,1,STEP,634048755900,634087396400,38640500,-1
947,1,STEP,634087449500,634125876900,38427400,-1
948,1,STEP,634125934600,634164887600,38953000,-1
949,1,STEP,634164943500,634203577000,38633500,-1
950,1,STEP,634203639900,634242348200,38708300,-1
951,1,STEP,634242406900,634281019300,38612400,-1
952,1,STEP,634281075500,634318724400,37648900,-1
953,1,STEP,634318772300,634356789400,38017100,-1
954,1,STEP,634356837500,634396339600,39502100,-1
955,1,STEP,634396410700,634437844600,41433900,-1
956,1,STEP,634437894400,634476234000,38339600,-1
957,1,STEP,634476282600,634515100200,38817600,-1
958,1,STEP,634515155900,634553604900,38449000,-1
959,1,STEP,634553655500,634591957800,38302300,-1
960,1,STEP,634592015300,634628739100,36723800,-1
961,1,STEP,634628790100,634667332200,38542100,-1
962,1,STEP,634667384500,634705909200,38524700,-1
963,1,STEP,634705977600,634744547400,38569800,-1
964,1,STEP,634744604600,634783298200,38693600,-1
965,1,STEP,634783351200,634820869200,37518000,-1
966,1,STEP,634820923800,634858707500,37783700,-1
967,1,STEP,634858757600,634897036000,38278400,-1
968,1,STEP,634897094000,634934305300,37211300,-1
969,1,STEP,634934360600,634972833300,38472700,-1
970,1,STEP,634972893700,635011547400,38653700,-1
971,1,STEP,635011598500,635049047200,37448700,-1
972,1,STEP,635049104700,635087370500,38265800,-1
973,1,STEP,635087424600,635126929800,39505200,-1
974,1,STEP,635126987000,635166482700,39495700,-1
975,1,STEP,635166543300,635206000800,39457500,-1
976,1,STEP,635206058700,635245180200,39121500,-1
977,1,STEP,635245239000,635285618900,40379900,-1
978,1,STEP,635285669500,635325675500,40006000,-1
979,1,STEP,635325726000,635366055000,40329000,-1
980,1,STEP,635366105400,635404833800,38728400,-1
981,1,STEP,635404882100,635445750000,40867900,-1
982,1,STEP,635445797400,635484294800,38497400,-1
983,1,STEP,635484343700,635523181000,38837300,-1
984,1,STEP,635523236400,635562812400,39576000,-1
985,1,STEP,635562875600,635602879500,40003900,-1
986,1,STEP,635602934800,635640503300,37568500,-1
987,1,STEP,635640564000,635679347400,38783400,-1
988,1,STEP,635679401100,635718699400,39298300,-1
989,1,STEP,635718745800,635756604500,37858700,-1
990,1,STEP,635756642800,635795621800,38979000,-1
991,1,STEP,635795674100,635834798900,39124800,-1
992,1,STEP,635834849300,635872890000,38040700,-1
993,1,STEP,635872932200,635913665800,40733600,-1
994,1,STEP,635913716600,635954404800,40688200,-1
995,1,STEP,635954457300,635994135500,39678200,-1
996,1,STEP,635994190500,636032545200,38354700,-1
997,1,STEP,636032604000,636071941300,39337300,-1
998,1,STEP,636072005100,636110055200,38050100,-1
999,1,STEP,636110113000,636148903900,38790900,-1
