Gen,Resource,Stamp,TimeStamp_Start,TimeStamp_End,Duration,Indiv_id
0,1,TransfertToDevice,675352185200,675666838000,314652800,-1
0,1,STEP,675803525900,675819882300,16356400,-1
1,1,STEP,675819955200,675835509900,15554700,-1
2,1,STEP,675835568700,675851548200,15979500,-1
3,1,STEP,675851603000,675867934500,16331500,-1
4,1,STEP,675867989400,675884266600,16277200,-1
5,1,STEP,675884323600,675900887900,16564300,-1
6,1,STEP,675900941400,675915096100,14154700,-1
7,1,STEP,675915150800,675929134300,13983500,-1
8,1,STEP,675929189200,675943000800,13811600,-1
9,1,STEP,675943052000,675956765900,13713900,-1
10,1,STEP,675956827700,675970249200,13421500,-1
11,1,STEP,675970311000,675984077200,13766200,-1
12,1,STEP,675984136400,675997574300,13437900,-1
13,1,STEP,675997631100,676010809900,13178800,-1
14,1,STEP,676010863200,676024244700,13381500,-1
15,1,STEP,676024299300,676037371400,13072100,-1
16,1,STEP,676037428500,676050845300,13416800,-1
17,1,STEP,676050906100,676064708900,13802800,-1
18,1,STEP,676064768000,676078942600,14174600,-1
19,1,STEP,676079003200,676092850800,13847600,-1
20,1,STEP,676092904900,676106791700,13886800,-1
21,1,STEP,676106851400,676120338100,13486700,-1
22,1,STEP,676120400400,676134142900,13742500,-1
23,1,STEP,676134200000,676148045600,13845600,-1
24,1,STEP,676148119100,676161829100,13710000,-1
25,1,STEP,676161901000,676175344200,13443200,-1
26,1,STEP,676175403200,676189511400,14108200,-1
27,1,STEP,676189579800,676203006200,13426400,-1
28,1,STEP,676203075500,676216580400,13504900,-1
29,1,STEP,676216670000,676229684400,13014400,-1
30,1,STEP,676229758900,676243392600,13633700,-1
31,1,STEP,676243447600,676257086300,13638700,-1
32,1,STEP,676257145000,676270633200,13488200,-1
33,1,STEP,676270697000,676283873400,13176400,-1
34,1,STEP,676283941300,676297400000,13458700,-1
35,1,STEP,676297477400,676311033100,13555700,-1
36,1,STEP,676311084000,676324879800,13795800,-1
37,1,STEP,676324931600,676338328600,13397000,-1
38,1,STEP,676338385700,676351883000,13497300,-1
39,1,STEP,676351935300,676365518200,13582900,-1
40,1,STEP,676365574400,676379535700,13961300,-1
41,1,STEP,676379587000,676393222500,13635500,-1
42,1,STEP,676393277400,676407041800,13764400,-1
43,1,STEP,676407102900,676420926200,13823300,-1
44,1,STEP,676420979500,676435035400,14055900,-1
45,1,STEP,676435099800,676448983400,13883600,-1
46,1,STEP,676449049300,676462478200,13428900,-1
47,1,STEP,676462538800,676476354100,13815300,-1
48,1,STEP,676476419400,676490341000,13921600,-1
49,1,STEP,676490407200,676504719500,14312300,-1
50,1,STEP,676504774900,676518773300,13998400,-1
51,1,STEP,676518828300,676533029700,14201400,-1
52,1,STEP,676533092300,676546696300,13604000,-1
53,1,STEP,676546752200,676560631300,13879100,-1
54,1,STEP,676560692800,676575245900,14553100,-1
55,1,STEP,676575315300,676589312300,13997000,-1
56,1,STEP,676589368700,676603373700,14005000,-1
57,1,STEP,676603430200,676617232300,13802100,-1
58,1,STEP,676617291900,676631963000,14671100,-1
59,1,STEP,676632033000,676646517700,14484700,-1
60,1,STEP,676646591900,676661329100,14737200,-1
61,1,STEP,676661382000,676676013000,14631000,-1
62,1,STEP,676676076800,676690922200,14845400,-1
63,1,STEP,676690996400,676706066900,15070500,-1
64,1,STEP,676706153900,676722447800,16293900,-1
65,1,STEP,676722533600,676737643500,15109900,-1
66,1,STEP,676737725200,676753297300,15572100,-1
67,1,STEP,676753451500,676769181700,15730200,-1
68,1,STEP,676769239300,676784138500,14899200,-1
69,1,STEP,676784211400,676799757300,15545900,-1
70,1,STEP,676799834600,676814817300,14982700,-1
71,1,STEP,676814890000,676829838500,14948500,-1
72,1,STEP,676829917900,676844342700,14424800,-1
73,1,STEP,676844411000,676858998400,14587400,-1
74,1,STEP,676859063500,676873396700,14333200,-1
75,1,STEP,676873459200,676887908500,14449300,-1
76,1,STEP,676887975200,676902538700,14563500,-1
77,1,STEP,676902658300,676917229000,14570700,-1
78,1,STEP,676917323000,676931969000,14646000,-1
79,1,STEP,676932031400,676946569100,14537700,-1
80,1,STEP,676946632600,676961147000,14514400,-1
81,1,STEP,676961224400,676975699500,14475100,-1
82,1,STEP,676975763600,676990349800,14586200,-1
83,1,STEP,676990420400,677004853100,14432700,-1
84,1,STEP,677004913800,677019910400,14996600,-1
85,1,STEP,677019969000,677034876100,14907100,-1
86,1,STEP,677034939500,677050024500,15085000,-1
87,1,STEP,677050087500,677064648600,14561100,-1
88,1,STEP,677064709800,677078928500,14218700,-1
89,1,STEP,677078999600,677093418800,14419200,-1
90,1,STEP,677093471900,677107926200,14454300,-1
91,1,STEP,677107983700,677122821400,14837700,-1
92,1,STEP,677122876800,677137334400,14457600,-1
93,1,STEP,677137390900,677151986000,14595100,-1
94,1,STEP,677152040900,677166614000,14573100,-1
95,1,STEP,677166665900,677182057600,15391700,-1
96,1,STEP,677182120700,677197073700,14953000,-1
97,1,STEP,677197133400,677212137600,15004200,-1
98,1,STEP,677212211300,677227506100,15294800,-1
99,1,STEP,677227564900,677242664900,15100000,-1
100,1,STEP,677242719200,677257497900,14778700,-1
101,1,STEP,677257578900,677272430900,14852000,-1
102,1,STEP,677272499900,677287855200,15355300,-1
103,1,STEP,677287915500,677303574300,15658800,-1
104,1,STEP,677303644200,677318934400,15290200,-1
105,1,STEP,677319000400,677334616000,15615600,-1
106,1,STEP,677334680000,677349488400,14808400,-1
107,1,STEP,677349560400,677364407700,14847300,-1
108,1,STEP,677364470500,677379293700,14823200,-1
109,1,STEP,677379353100,677394106400,14753300,-1
110,1,STEP,677394171800,677408952900,14781100,-1
111,1,STEP,677409010800,677423897700,14886900,-1
112,1,STEP,677423957100,677438953000,14995900,-1
113,1,STEP,677439038500,677454238200,15199700,-1
114,1,STEP,677454298300,677469657500,15359200,-1
115,1,STEP,677469717100,677484118200,14401100,-1
116,1,STEP,677484178500,677498889300,14710800,-1
117,1,STEP,677498946200,677514007300,15061100,-1
118,1,STEP,677514085700,677529155900,15070200,-1
119,1,STEP,677529235500,677544579400,15343900,-1
120,1,STEP,677544643400,677559266200,14622800,-1
121,1,STEP,677559336700,677574072700,14736000,-1
122,1,STEP,677574132300,677588763800,14631500,-1
123,1,STEP,677588825400,677603538700,14713300,-1
124,1,STEP,677603611000,677618590000,14979000,-1
125,1,STEP,677618666600,677633661500,14994900,-1
126,1,STEP,677633734800,677648814200,15079400,-1
127,1,STEP,677648888100,677664094500,15206400,-1
128,1,STEP,677664166100,677679231200,15065100,-1
129,1,STEP,677679304400,677694150400,14846000,-1
130,1,STEP,677694217700,677709082600,14864900,-1
131,1,STEP,677709171200,677724220600,15049400,-1
132,1,STEP,677724293300,677739353900,15060600,-1
133,1,STEP,677739407200,677755348300,15941100,-1
134,1,STEP,677755408300,677771138600,15730300,-1
135,1,STEP,677771195800,677786409100,15213300,-1
136,1,STEP,677786479700,677802350900,15871200,-1
137,1,STEP,677802411900,677817475800,15063900,-1
138,1,STEP,677817577200,677833265600,15688400,-1
139,1,STEP,677833323800,677848630800,15307000,-1
140,1,STEP,677848710700,677864840800,16130100,-1
141,1,STEP,677864907400,677880023700,15116300,-1
142,1,STEP,677880109600,677895129700,15020100,-1
143,1,STEP,677895191600,677910382600,15191000,-1
144,1,STEP,677910491300,677926333100,15841800,-1
145,1,STEP,677926430900,677941882500,15451600,-1
146,1,STEP,677941951800,677957485000,15533200,-1
147,1,STEP,677957574900,677973940600,16365700,-1
148,1,STEP,677974011400,677990124200,16112800,-1
149,1,STEP,677990749000,678006211500,15462500,-1
150,1,STEP,678006293900,678021677700,15383800,-1
151,1,STEP,678021844800,678037258700,15413900,-1
152,1,STEP,678037328500,678051878400,14549900,-1
153,1,STEP,678051955500,678067048300,15092800,-1
154,1,STEP,678067119800,678081739300,14619500,-1
155,1,STEP,678081805200,678097119300,15314100,-1
156,1,STEP,678097255700,678112448100,15192400,-1
157,1,STEP,678112649100,678128061800,15412700,-1
158,1,STEP,678128134000,678143273800,15139800,-1
159,1,STEP,678143341300,678158636200,15294900,-1
160,1,STEP,678158718900,678174334500,15615600,-1
161,1,STEP,678174439300,678190686600,16247300,-1
162,1,STEP,678190762200,678206112900,15350700,-1
163,1,STEP,678206209300,678221912900,15703600,-1
164,1,STEP,678221987900,678238292900,16305000,-1
165,1,STEP,678238377100,678254370100,15993000,-1
166,1,STEP,678254448800,678270009000,15560200,-1
167,1,STEP,678270079700,678285509300,15429600,-1
168,1,STEP,678285587100,678301566600,15979500,-1
169,1,STEP,678301649600,678317283800,15634200,-1
170,1,STEP,678317351300,678332693400,15342100,-1
171,1,STEP,678332751500,678348720500,15969000,-1
172,1,STEP,678348787500,678364661900,15874400,-1
173,1,STEP,678364720000,678380766500,16046500,-1
174,1,STEP,678380847000,678396364200,15517200,-1
175,1,STEP,678396508800,678412027600,15518800,-1
176,1,STEP,678412111700,678427937700,15826000,-1
177,1,STEP,678428011200,678443962400,15951200,-1
178,1,STEP,678444033900,678459927600,15893700,-1
179,1,STEP,678459992000,678475845400,15853400,-1
180,1,STEP,678475911900,678491280800,15368900,-1
181,1,STEP,678491364400,678507254600,15890200,-1
182,1,STEP,678507314800,678523385900,16071100,-1
183,1,STEP,678523463500,678539790200,16326700,-1
184,1,STEP,678539864700,678555985600,16120900,-1
185,1,STEP,678556068000,678572214200,16146200,-1
186,1,STEP,678572284900,678588404100,16119200,-1
187,1,STEP,678588575200,678604715100,16139900,-1
188,1,STEP,678604796800,678620747900,15951100,-1
189,1,STEP,678620809300,678636360500,15551200,-1
190,1,STEP,678636423100,678653186700,16763600,-1
191,1,STEP,678653267500,678669933800,16666300,-1
192,1,STEP,678669991500,678686324800,16333300,-1
193,1,STEP,678686383900,678702578600,16194700,-1
194,1,STEP,678702677700,678718927000,16249300,-1
195,1,STEP,678719006100,678735479000,16472900,-1
196,1,STEP,678735541900,678751732800,16190900,-1
197,1,STEP,678751806400,678767899900,16093500,-1
198,1,STEP,678767967300,678784367300,16400000,-1
199,1,STEP,678784447700,678800841100,16393400,-1
200,1,STEP,678800908000,678817360400,16452400,-1
201,1,STEP,678817417800,678833823600,16405800,-1
202,1,STEP,678833900000,678850569700,16669700,-1
203,1,STEP,678850631800,678866739000,16107200,-1
204,1,STEP,678866813400,678883003100,16189700,-1
205,1,STEP,678883090600,678899373400,16282800,-1
206,1,STEP,678899455100,678915507800,16052700,-1
207,1,STEP,678915569800,678932187000,16617200,-1
208,1,STEP,678932363400,678949328000,16964600,-1
209,1,STEP,678949405800,678965708300,16302500,-1
210,1,STEP,678965777500,678982293900,16516400,-1
211,1,STEP,678982387100,678999283000,16895900,-1
212,1,STEP,678999370300,679015562800,16192500,-1
213,1,STEP,679015652000,679031948800,16296800,-1
214,1,STEP,679032030800,679048148400,16117600,-1
215,1,STEP,679048233300,679064644700,16411400,-1
216,1,STEP,679064786700,679081283600,16496900,-1
217,1,STEP,679081349500,679097909600,16560100,-1
218,1,STEP,679097998600,679115026000,17027400,-1
219,1,STEP,679115094800,679131165300,16070500,-1
220,1,STEP,679131230700,679146987400,15756700,-1
221,1,STEP,679147074700,679163585500,16510800,-1
222,1,STEP,679163657700,679179282700,15625000,-1
223,1,STEP,679179347100,679195421300,16074200,-1
224,1,STEP,679195514100,679211458100,15944000,-1
225,1,STEP,679211537000,679228050600,16513600,-1
226,1,STEP,679228103700,679244096200,15992500,-1
227,1,STEP,679244177100,679260821800,16644700,-1
228,1,STEP,679260887300,679276573300,15686000,-1
229,1,STEP,679276640400,679292780600,16140200,-1
230,1,STEP,679292852500,679309792000,16939500,-1
231,1,STEP,679309847800,679326455200,16607400,-1
232,1,STEP,679326526700,679342859600,16332900,-1
233,1,STEP,679342924300,679359121800,16197500,-1
234,1,STEP,679359173900,679375383000,16209100,-1
235,1,STEP,679375451400,679392024600,16573200,-1
236,1,STEP,679392081800,679408389900,16308100,-1
237,1,STEP,679408443800,679424987100,16543300,-1
238,1,STEP,679425048300,679441516400,16468100,-1
239,1,STEP,679441578800,679458116600,16537800,-1
240,1,STEP,679458185400,679474612500,16427100,-1
241,1,STEP,679474669200,679491246500,16577300,-1
242,1,STEP,679491303800,679508001800,16698000,-1
243,1,STEP,679508072300,679524659200,16586900,-1
244,1,STEP,679524720500,679541415400,16694900,-1
245,1,STEP,679541466800,679557897300,16430500,-1
246,1,STEP,679557956500,679574701100,16744600,-1
247,1,STEP,679574772600,679591580800,16808200,-1
248,1,STEP,679591654900,679608337900,16683000,-1
249,1,STEP,679608400400,679625012300,16611900,-1
250,1,STEP,679625072500,679641699500,16627000,-1
251,1,STEP,679641808900,679658370400,16561500,-1
252,1,STEP,679658624100,679675198100,16574000,-1
253,1,STEP,679675254300,679691819200,16564900,-1
254,1,STEP,679691874000,679708598100,16724100,-1
255,1,STEP,679708656500,679725176500,16520000,-1
256,1,STEP,679725239900,679741656400,16416500,-1
257,1,STEP,679741711900,679758344200,16632300,-1
258,1,STEP,679758422000,679774864800,16442800,-1
259,1,STEP,679774935900,679791618700,16682800,-1
260,1,STEP,679791692100,679808307200,16615100,-1
261,1,STEP,679808365400,679824810400,16445000,-1
262,1,STEP,679824866400,679841444500,16578100,-1
263,1,STEP,679841523200,679858126800,16603600,-1
264,1,STEP,679858188000,679874928500,16740500,-1
265,1,STEP,679874989200,679891187600,16198400,-1
266,1,STEP,679891263900,679908115400,16851500,-1
267,1,STEP,679908177000,679924508800,16331800,-1
268,1,STEP,679924579700,679941579800,17000100,-1
269,1,STEP,679941633600,679959308500,17674900,-1
270,1,STEP,679959375200,679975802400,16427200,-1
271,1,STEP,679975858400,679994650300,18791900,-1
272,1,STEP,679994700500,680012908000,18207500,-1
273,1,STEP,680012961000,680031209500,18248500,-1
274,1,STEP,680031264300,680049506800,18242500,-1
275,1,STEP,680049570400,680067526100,17955700,-1
276,1,STEP,680067596500,680086316900,18720400,-1
277,1,STEP,680086372300,680103121300,16749000,-1
278,1,STEP,680103173700,680122043400,18869700,-1
279,1,STEP,680122097600,680140529800,18432200,-1
280,1,STEP,680140583800,680160118800,19535000,-1
281,1,STEP,680160170300,680179308300,19138000,-1
282,1,STEP,680179378200,680199129600,19751400,-1
283,1,STEP,680199218200,680218075300,18857100,-1
284,1,STEP,680218147000,680237338700,19191700,-1
285,1,STEP,680237403000,680256605400,19202400,-1
286,1,STEP,680256662200,680276716500,20054300,-1
287,1,STEP,680276780700,680296233200,19452500,-1
288,1,STEP,680296290900,680314968100,18677200,-1
289,1,STEP,680315029200,680334788200,19759000,-1
290,1,STEP,680334855800,680354287500,19431700,-1
291,1,STEP,680354353800,680375065400,20711600,-1
292,1,STEP,680375119900,680396681900,21562000,-1
293,1,STEP,680396800100,680416230900,19430800,-1
294,1,STEP,680416285900,680436604800,20318900,-1
295,1,STEP,680436659000,680456504100,19845100,-1
296,1,STEP,680456560200,680476054700,19494500,-1
297,1,STEP,680476109700,680495849700,19740000,-1
298,1,STEP,680495900700,680515549100,19648400,-1
299,1,STEP,680515607400,680536441400,20834000,-1
300,1,STEP,680536497000,680557110100,20613100,-1
301,1,STEP,680557159800,680577784700,20624900,-1
302,1,STEP,680577834500,680598625600,20791100,-1
303,1,STEP,680598677200,680619242300,20565100,-1
304,1,STEP,680619284800,680639845400,20560600,-1
305,1,STEP,680639900300,680660814200,20913900,-1
306,1,STEP,680660863100,680681321200,20458100,-1
307,1,STEP,680681380600,680701742700,20362100,-1
308,1,STEP,680701795800,680722278800,20483000,-1
309,1,STEP,680722342000,680742619600,20277600,-1
310,1,STEP,680742667300,680763247500,20580200,-1
311,1,STEP,680763293200,680784096000,20802800,-1
312,1,STEP,680784148500,680804948600,20800100,-1
313,1,STEP,680805011600,680825417200,20405600,-1
314,1,STEP,680825474700,680845470600,19995900,-1
315,1,STEP,680845523000,680866097200,20574200,-1
316,1,STEP,680866150300,680886226500,20076200,-1
317,1,STEP,680886274200,680908576600,22302400,-1
318,1,STEP,680908616100,680929612100,20996000,-1
319,1,STEP,680929657500,680950785200,21127700,-1
320,1,STEP,680950828400,680971350400,20522000,-1
321,1,STEP,680971395500,680993346700,21951200,-1
322,1,STEP,680993414600,681013888300,20473700,-1
323,1,STEP,681013937800,681034516600,20578800,-1
324,1,STEP,681034555700,681054672900,20117200,-1
325,1,STEP,681054717200,681075712800,20995600,-1
326,1,STEP,681075758900,681096279100,20520200,-1
327,1,STEP,681096347200,681116843100,20495900,-1
328,1,STEP,681116897500,681137005800,20108300,-1
329,1,STEP,681137047400,681157373500,20326100,-1
330,1,STEP,681157413800,681178088000,20674200,-1
331,1,STEP,681178141500,681198703200,20561700,-1
332,1,STEP,681198749500,681219079000,20329500,-1
333,1,STEP,681219126900,681240179200,21052300,-1
334,1,STEP,681240226100,681260692200,20466100,-1
335,1,STEP,681260742100,681281170300,20428200,-1
336,1,STEP,681281222500,681302297800,21075300,-1
337,1,STEP,681302356400,681322557800,20201400,-1
338,1,STEP,681322608500,681344046800,21438300,-1
339,1,STEP,681344091800,681364953800,20862000,-1
340,1,STEP,681364998800,681386306000,21307200,-1
341,1,STEP,681386356600,681408159900,21803300,-1
342,1,STEP,681408275000,681429903200,21628200,-1
343,1,STEP,681429950200,681450513600,20563400,-1
344,1,STEP,681450560900,681471288800,20727900,-1
345,1,STEP,681471333500,681492248800,20915300,-1
346,1,STEP,681492298100,681512761800,20463700,-1
347,1,STEP,681512808200,681532844800,20036600,-1
348,1,STEP,681532894500,681553526900,20632400,-1
349,1,STEP,681553574900,681573961600,20386700,-1
350,1,STEP,681574014800,681594398700,20383900,-1
351,1,STEP,681594469200,681614642900,20173700,-1
352,1,STEP,681614703500,681634495600,19792100,-1
353,1,STEP,681634551900,681654261700,19709800,-1
354,1,STEP,681654327900,681674382500,20054600,-1
355,1,STEP,681674465500,681695122800,20657300,-1
356,1,STEP,681695180800,681716008300,20827500,-1
357,1,STEP,681716069100,681737369100,21300000,-1
358,1,STEP,681737426900,681758427500,21000600,-1
359,1,STEP,681758532300,681779893100,21360800,-1
360,1,STEP,681779949300,681800576900,20627600,-1
361,1,STEP,681800649100,681821773500,21124400,-1
362,1,STEP,681821831800,681843158100,21326300,-1
363,1,STEP,681843219000,681863901700,20682700,-1
364,1,STEP,681863963800,681884710800,20747000,-1
365,1,STEP,681884786300,681905853500,21067200,-1
366,1,STEP,681905921400,681926540000,20618600,-1
367,1,STEP,681926600800,681947086700,20485900,-1
368,1,STEP,681947148000,681967779000,20631000,-1
369,1,STEP,681967838300,681988631200,20792900,-1
370,1,STEP,681988681500,682009672200,20990700,-1
371,1,STEP,682009716200,682030842000,21125800,-1
372,1,STEP,682030886700,682051136300,20249600,-1
373,1,STEP,682051191500,682072577600,21386100,-1
374,1,STEP,682072623800,682093606000,20982200,-1
375,1,STEP,682093653700,682114486700,20833000,-1
376,1,STEP,682114537100,682134847800,20310700,-1
377,1,STEP,682134894900,682157214300,22319400,-1
378,1,STEP,682157259400,682178105800,20846400,-1
379,1,STEP,682178157900,682198686800,20528900,-1
380,1,STEP,682198736800,682219410100,20673300,-1
381,1,STEP,682219466400,682240132000,20665600,-1
382,1,STEP,682240187400,682260982900,20795500,-1
383,1,STEP,682261038300,682281493100,20454800,-1
384,1,STEP,682281549100,682302530400,20981300,-1
385,1,STEP,682302593000,682323554100,20961100,-1
386,1,STEP,682323617200,682343604700,19987500,-1
387,1,STEP,682343654900,682364181800,20526900,-1
388,1,STEP,682364236100,682384688800,20452700,-1
389,1,STEP,682384747000,682405583200,20836200,-1
390,1,STEP,682405644700,682426920000,21275300,-1
391,1,STEP,682426980600,682448183200,21202600,-1
392,1,STEP,682448271900,682468764800,20492900,-1
393,1,STEP,682468839200,682489028700,20189500,-1
394,1,STEP,682489089700,682510211400,21121700,-1
395,1,STEP,682510267200,682530432400,20165200,-1
396,1,STEP,682530484600,682550281800,19797200,-1
397,1,STEP,682550341400,682570446000,20104600,-1
398,1,STEP,682570501800,682591197300,20695500,-1
399,1,STEP,682591270900,682612239300,20968400,-1
400,1,STEP,682612318400,682632614100,20295700,-1
401,1,STEP,682632665700,682652978100,20312400,-1
402,1,STEP,682653022600,682673944700,20922100,-1
403,1,STEP,682673990500,682694039900,20049400,-1
404,1,STEP,682694108100,682714438300,20330200,-1
405,1,STEP,682714489500,682735205800,20716300,-1
406,1,STEP,682735253200,682755548900,20295700,-1
407,1,STEP,682755602700,682776052400,20449700,-1
408,1,STEP,682776099500,682796343900,20244400,-1
409,1,STEP,682796408600,682816750100,20341500,-1
410,1,STEP,682816809200,682837726900,20917700,-1
411,1,STEP,682837780300,682858409400,20629100,-1
412,1,STEP,682858463500,682879192600,20729100,-1
413,1,STEP,682879251200,682899850300,20599100,-1
414,1,STEP,682899907900,682920672200,20764300,-1
415,1,STEP,682920721800,682941427100,20705300,-1
416,1,STEP,682941487300,682962291100,20803800,-1
417,1,STEP,682962350900,682983168400,20817500,-1
418,1,STEP,682983230100,683003818100,20588000,-1
419,1,STEP,683003873500,683024416000,20542500,-1
420,1,STEP,683024476800,683044282600,19805800,-1
421,1,STEP,683044351500,683064385800,20034300,-1
422,1,STEP,683064466700,683084783500,20316800,-1
423,1,STEP,683084841500,683105397700,20556200,-1
424,1,STEP,683105457400,683126075600,20618200,-1
425,1,STEP,683126128600,683146570400,20441800,-1
426,1,STEP,683146631600,683166361500,19729900,-1
427,1,STEP,683166412600,683186448700,20036100,-1
428,1,STEP,683186504400,683206585300,20080900,-1
429,1,STEP,683206635000,683227536400,20901400,-1
430,1,STEP,683227588900,683247981300,20392400,-1
431,1,STEP,683248030700,683268683400,20652700,-1
432,1,STEP,683268734700,683289170200,20435500,-1
433,1,STEP,683289220200,683308988200,19768000,-1
434,1,STEP,683309041300,683328789700,19748400,-1
435,1,STEP,683328844600,683348691500,19846900,-1
436,1,STEP,683348749100,683370348600,21599500,-1
437,1,STEP,683370406600,683390444300,20037700,-1
438,1,STEP,683390508800,683410802500,20293700,-1
439,1,STEP,683410901400,683431308200,20406800,-1
440,1,STEP,683431374600,683451329200,19954600,-1
441,1,STEP,683451385500,683471536800,20151300,-1
442,1,STEP,683471592800,683491288100,19695300,-1
443,1,STEP,683491343200,683511398900,20055700,-1
444,1,STEP,683511456400,683531685400,20229000,-1
445,1,STEP,683531744400,683552846900,21102500,-1
446,1,STEP,683552904000,683572974900,20070900,-1
447,1,STEP,683573039500,683593019600,19980100,-1
448,1,STEP,683593075000,683613231000,20156000,-1
449,1,STEP,683613291700,683633063800,19772100,-1
450,1,STEP,683633155000,683653053400,19898400,-1
451,1,STEP,683653110800,683673068600,19957800,-1
452,1,STEP,683673123100,683693652000,20528900,-1
453,1,STEP,683693705700,683713322900,19617200,-1
454,1,STEP,683713377400,683733647700,20270300,-1
455,1,STEP,683733702100,683753856800,20154700,-1
456,1,STEP,683753914300,683773951100,20036800,-1
457,1,STEP,683774004500,683794394000,20389500,-1
458,1,STEP,683794448200,683815282400,20834200,-1
459,1,STEP,683815338400,683835294700,19956300,-1
460,1,STEP,683835365600,683855341300,19975700,-1
461,1,STEP,683855407900,683875461100,20053200,-1
462,1,STEP,683875571700,683895714800,20143100,-1
463,1,STEP,683895798800,683916405300,20606500,-1
464,1,STEP,683916462400,683936641100,20178700,-1
465,1,STEP,683936692300,683957235100,20542800,-1
466,1,STEP,683957282400,683977726800,20444400,-1
467,1,STEP,683977780600,683998429000,20648400,-1
468,1,STEP,683998507500,684019185800,20678300,-1
469,1,STEP,684019241800,684040107300,20865500,-1
470,1,STEP,684040153500,684061158800,21005300,-1
471,1,STEP,684061207100,684082074900,20867800,-1
472,1,STEP,684082125400,684102846300,20720900,-1
473,1,STEP,684102930300,684122963300,20033000,-1
474,1,STEP,684123009000,684143587200,20578200,-1
475,1,STEP,684143634600,684164967800,21333200,-1
476,1,STEP,684165014100,684186246600,21232500,-1
477,1,STEP,684186292200,684207049900,20757700,-1
478,1,STEP,684207099300,684227731300,20632000,-1
479,1,STEP,684227781000,684247883600,20102600,-1
480,1,STEP,684247930500,684269129200,21198700,-1
481,1,STEP,684269196300,684290107400,20911100,-1
482,1,STEP,684290154500,684311183300,21028800,-1
483,1,STEP,684311238500,684332215900,20977400,-1
484,1,STEP,684332265900,684352488700,20222800,-1
485,1,STEP,684352539500,684373865500,21326000,-1
486,1,STEP,684373970100,684395706500,21736400,-1
487,1,STEP,684395758300,684416204800,20446500,-1
488,1,STEP,684416259300,684437210300,20951000,-1
489,1,STEP,684437246100,684458342200,21096100,-1
490,1,STEP,684458397600,684478460100,20062500,-1
491,1,STEP,684478527900,684499256400,20728500,-1
492,1,STEP,684499306000,684519950900,20644900,-1
493,1,STEP,684519998000,684540987300,20989300,-1
494,1,STEP,684541030700,684561957700,20927000,-1
495,1,STEP,684562003600,684583370100,21366500,-1
496,1,STEP,684583433500,684604189800,20756300,-1
497,1,STEP,684604235400,684624880000,20644600,-1
498,1,STEP,684624923500,684645393400,20469900,-1
499,1,STEP,684645443100,684665982800,20539700,-1
500,1,STEP,684666033100,684686401700,20368600,-1
501,1,STEP,684686455100,684707363200,20908100,-1
502,1,STEP,684707418200,684728367300,20949100,-1
503,1,STEP,684728435700,684749146300,20710600,-1
504,1,STEP,684749185900,684770141000,20955100,-1
505,1,STEP,684770185800,684791407400,21221600,-1
506,1,STEP,684791456700,684812722900,21266200,-1
507,1,STEP,684812766900,684834235100,21468200,-1
508,1,STEP,684834287000,684856643100,22356100,-1
509,1,STEP,684856695400,684878158000,21462600,-1
510,1,STEP,684878211800,684899229200,21017400,-1
511,1,STEP,684899278800,684920696400,21417600,-1
512,1,STEP,684920760200,684942210900,21450700,-1
513,1,STEP,684942262500,684963218100,20955600,-1
514,1,STEP,684963270800,684984257100,20986300,-1
515,1,STEP,684984307800,685005514100,21206300,-1
516,1,STEP,685005562200,685026736800,21174600,-1
517,1,STEP,685026786800,685048684700,21897900,-1
518,1,STEP,685048736000,685069880900,21144900,-1
519,1,STEP,685069936300,685091752100,21815800,-1
520,1,STEP,685091812000,685113320400,21508400,-1
521,1,STEP,685113376300,685135408200,22031900,-1
522,1,STEP,685135458600,685156785300,21326700,-1
523,1,STEP,685156835600,685178277100,21441500,-1
524,1,STEP,685178323100,685200611100,22288000,-1
525,1,STEP,685200659700,685221978700,21319000,-1
526,1,STEP,685222036800,685243238400,21201600,-1
527,1,STEP,685243296400,685263859800,20563400,-1
528,1,STEP,685263922100,685285626600,21704500,-1
529,1,STEP,685285693500,685307856100,22162600,-1
530,1,STEP,685307912300,685329955700,22043400,-1
531,1,STEP,685330007500,685351053500,21046000,-1
532,1,STEP,685351105200,685372629400,21524200,-1
533,1,STEP,685372684000,685393848200,21164200,-1
534,1,STEP,685393901400,685414842300,20940900,-1
535,1,STEP,685414896000,685435560800,20664800,-1
536,1,STEP,685435615200,685456372300,20757100,-1
537,1,STEP,685456459400,685477063600,20604200,-1
538,1,STEP,685477161200,685497824000,20662800,-1
539,1,STEP,685497922000,685518924400,21002400,-1
540,1,STEP,685519009300,685539785400,20776100,-1
541,1,STEP,685539840200,685561640100,21799900,-1
542,1,STEP,685561703300,685582421300,20718000,-1
543,1,STEP,685582488000,685604244600,21756600,-1
544,1,STEP,685604297600,685625180800,20883200,-1
545,1,STEP,685625231900,685646812600,21580700,-1
546,1,STEP,685646885800,685667313800,20428000,-1
547,1,STEP,685667386300,685688173600,20787300,-1
548,1,STEP,685688251000,685709214700,20963700,-1
549,1,STEP,685709268200,685730799400,21531200,-1
550,1,STEP,685730853200,685752312400,21459200,-1
551,1,STEP,685752359800,685773831400,21471600,-1
552,1,STEP,685773887700,685795349000,21461300,-1
553,1,STEP,685795397500,685816594300,21196800,-1
554,1,STEP,685816644000,685838641300,21997300,-1
555,1,STEP,685838689300,685859807200,21117900,-1
556,1,STEP,685859854300,685881194200,21339900,-1
557,1,STEP,685881245100,685902690300,21445200,-1
558,1,STEP,685902747000,685924133600,21386600,-1
559,1,STEP,685924196100,685945065500,20869400,-1
560,1,STEP,685945116500,685966642500,21526000,-1
561,1,STEP,685966707300,685987650500,20943200,-1
562,1,STEP,685987712200,686008594800,20882600,-1
563,1,STEP,686008648600,686029993300,21344700,-1
564,1,STEP,686030044000,686051521000,21477000,-1
565,1,STEP,686051569200,686072960100,21390900,-1
566,1,STEP,686073018800,686094460200,21441400,-1
567,1,STEP,686094511300,686116270600,21759300,-1
568,1,STEP,686116326400,686136921800,20595400,-1
569,1,STEP,686136976200,686158122600,21146400,-1
570,1,STEP,686158172000,686179681200,21509200,-1
571,1,STEP,686179722900,686200882600,21159700,-1
572,1,STEP,686200931200,686222315900,21384700,-1
573,1,STEP,686222362700,686243907600,21544900,-1
574,1,STEP,686243957300,686265263500,21306200,-1
575,1,STEP,686265310700,686286926400,21615700,-1
576,1,STEP,686286976400,686308532400,21556000,-1
577,1,STEP,686308585000,686329840200,21255200,-1
578,1,STEP,686329893500,686350700100,20806600,-1
579,1,STEP,686350752000,686371595500,20843500,-1
580,1,STEP,686371649400,686393167500,21518100,-1
581,1,STEP,686393219000,686414308600,21089600,-1
582,1,STEP,686414388500,686435413100,21024600,-1
583,1,STEP,686435468600,686456076500,20607900,-1
584,1,STEP,686456131900,686477535100,21403200,-1
585,1,STEP,686477593500,686499015500,21422000,-1
586,1,STEP,686499067100,686520480300,21413200,-1
587,1,STEP,686520527900,686542692800,22164900,-1
588,1,STEP,686542744300,686564498500,21754200,-1
589,1,STEP,686564548200,686586654500,22106300,-1
590,1,STEP,686586700100,686607818300,21118200,-1
591,1,STEP,686607868900,686628675100,20806200,-1
592,1,STEP,686628722600,686649966500,21243900,-1
593,1,STEP,686650019300,686671108600,21089300,-1
594,1,STEP,686671160800,686692319400,21158600,-1
595,1,STEP,686692369600,686713192000,20822400,-1
596,1,STEP,686713238600,686734545100,21306500,-1
597,1,STEP,686734596600,686755913900,21317300,-1
598,1,STEP,686755959800,686777369300,21409500,-1
599,1,STEP,686777422400,686799653500,22231100,-1
600,1,STEP,686799703500,686821459200,21755700,-1
601,1,STEP,686821513200,686842359800,20846600,-1
602,1,STEP,686842432200,686863445400,21013200,-1
603,1,STEP,686863496200,686885740200,22244000,-1
604,1,STEP,686885793300,686906837400,21044100,-1
605,1,STEP,686906891900,686927796300,20904400,-1
606,1,STEP,686927858500,686949842000,21983500,-1
607,1,STEP,686949891800,686971645900,21754100,-1
608,1,STEP,686971694900,686992844100,21149200,-1
609,1,STEP,686992889100,687014428100,21539000,-1
610,1,STEP,687014475000,687035560500,21085500,-1
611,1,STEP,687035625700,687055952900,20327200,-1
612,1,STEP,687056004300,687076990600,20986300,-1
613,1,STEP,687077042800,687098244200,21201400,-1
614,1,STEP,687098295600,687119653400,21357800,-1
615,1,STEP,687119701700,687140739700,21038000,-1
616,1,STEP,687140781800,687162065900,21284100,-1
617,1,STEP,687162133400,687183401500,21268100,-1
618,1,STEP,687183451400,687204486000,21034600,-1
619,1,STEP,687204533900,687225744600,21210700,-1
620,1,STEP,687225790400,687246872500,21082100,-1
621,1,STEP,687246913600,687268848600,21935000,-1
622,1,STEP,687268899900,687289979400,21079500,-1
623,1,STEP,687290020500,687310979300,20958800,-1
624,1,STEP,687311021300,687332339200,21317900,-1
625,1,STEP,687332384400,687353793000,21408600,-1
626,1,STEP,687353841200,687375808300,21967100,-1
627,1,STEP,687375963700,687398005500,22041800,-1
628,1,STEP,687398059400,687418978900,20919500,-1
629,1,STEP,687419029400,687440006300,20976900,-1
630,1,STEP,687440081400,687461302300,21220900,-1
631,1,STEP,687461367300,687482185000,20817700,-1
632,1,STEP,687482246600,687503130500,20883900,-1
633,1,STEP,687503188800,687524200400,21011600,-1
634,1,STEP,687524254500,687545847000,21592500,-1
635,1,STEP,687545893100,687567137200,21244100,-1
636,1,STEP,687567182800,687588737700,21554900,-1
637,1,STEP,687588790200,687610260600,21470400,-1
638,1,STEP,687610315000,687631506700,21191700,-1
639,1,STEP,687631566000,687652308400,20742400,-1
640,1,STEP,687652361300,687673058900,20697600,-1
641,1,STEP,687673113400,687694711900,21598500,-1
642,1,STEP,687694768400,687715785700,21017300,-1
643,1,STEP,687715848900,687736653700,20804800,-1
644,1,STEP,687736729800,687757330200,20600400,-1
645,1,STEP,687757387400,687777549300,20161900,-1
646,1,STEP,687777607000,687799636000,22029000,-1
647,1,STEP,687799700500,687820061600,20361100,-1
648,1,STEP,687820135300,687840679500,20544200,-1
649,1,STEP,687840736800,687862522700,21785900,-1
650,1,STEP,687862606300,687883614300,21008000,-1
651,1,STEP,687883676500,687904518200,20841700,-1
652,1,STEP,687904585300,687925080500,20495200,-1
653,1,STEP,687925152400,687945619200,20466800,-1
654,1,STEP,687945680200,687966024500,20344300,-1
655,1,STEP,687966092700,687987847400,21754700,-1
656,1,STEP,687987919500,688009191500,21272000,-1
657,1,STEP,688009242700,688029952200,20709500,-1
658,1,STEP,688030005700,688050511000,20505300,-1
659,1,STEP,688050566200,688071592600,21026400,-1
660,1,STEP,688071651100,688092258200,20607100,-1
661,1,STEP,688092316900,688112867000,20550100,-1
662,1,STEP,688112963500,688133855600,20892100,-1
663,1,STEP,688133909100,688155722400,21813300,-1
664,1,STEP,688155774300,688176590800,20816500,-1
665,1,STEP,688176659100,688197613300,20954200,-1
666,1,STEP,688197688100,688218317400,20629300,-1
667,1,STEP,688218395200,688239569400,21174200,-1
668,1,STEP,688239663100,688260748600,21085500,-1
669,1,STEP,688260814900,688281529700,20714800,-1
670,1,STEP,688281589100,688302574400,20985300,-1
671,1,STEP,688302635400,688323937300,21301900,-1
672,1,STEP,688323991900,688345137700,21145800,-1
673,1,STEP,688345189200,688367114100,21924900,-1
674,1,STEP,688367167800,688388649500,21481700,-1
675,1,STEP,688388698000,688409983900,21285900,-1
676,1,STEP,688410035400,688431210100,21174700,-1
677,1,STEP,688431269200,688452494400,21225200,-1
678,1,STEP,688452549800,688473826300,21276500,-1
679,1,STEP,688473896300,688495562300,21666000,-1
680,1,STEP,688495616800,688516591000,20974200,-1
681,1,STEP,688516649100,688537863700,21214600,-1
682,1,STEP,688537916000,688559508200,21592200,-1
683,1,STEP,688559557100,688580462300,20905200,-1
684,1,STEP,688580513900,688601505400,20991500,-1
685,1,STEP,688601555700,688622679100,21123400,-1
686,1,STEP,688622732300,688643351500,20619200,-1
687,1,STEP,688643412200,688664198200,20786000,-1
688,1,STEP,688664259500,688685220100,20960600,-1
689,1,STEP,688685272700,688706594300,21321600,-1
690,1,STEP,688706645300,688727753500,21108200,-1
691,1,STEP,688727801600,688749205200,21403600,-1
692,1,STEP,688750941400,688771537300,20595900,-1
693,1,STEP,688771598100,688792771400,21173300,-1
694,1,STEP,688792829100,688813789400,20960300,-1
695,1,STEP,688813843000,688835448600,21605600,-1
696,1,STEP,688835501700,688856739800,21238100,-1
697,1,STEP,688856790900,688878498800,21707900,-1
698,1,STEP,688878547700,688899978800,21431100,-1
699,1,STEP,688900038500,688922353100,22314600,-1
700,1,STEP,688922396400,688944481900,22085500,-1
701,1,STEP,688944545800,688966107000,21561200,-1
702,1,STEP,688966161700,688987413100,21251400,-1
703,1,STEP,688987458900,689008640800,21181900,-1
704,1,STEP,689008683300,689030678800,21995500,-1
705,1,STEP,689030718700,689051466800,20748100,-1
706,1,STEP,689051507400,689073259200,21751800,-1
707,1,STEP,689073311800,689094505200,21193400,-1
708,1,STEP,689094544200,689115804400,21260200,-1
709,1,STEP,689115847400,689137253400,21406000,-1
710,1,STEP,689137307700,689158954600,21646900,-1
711,1,STEP,689158999000,689179976700,20977700,-1
712,1,STEP,689180016700,689200806600,20789900,-1
713,1,STEP,689200849100,689222263300,21414200,-1
714,1,STEP,689222309200,689243230900,20921700,-1
715,1,STEP,689243278700,689264638100,21359400,-1
716,1,STEP,689264680400,689286510600,21830200,-1
717,1,STEP,689286568900,689308181900,21613000,-1
718,1,STEP,689308232800,689330762400,22529600,-1
719,1,STEP,689330807600,689351850100,21042500,-1
720,1,STEP,689351898200,689373195300,21297100,-1
721,1,STEP,689373248600,689394814000,21565400,-1
722,1,STEP,689394863500,689416794800,21931300,-1
723,1,STEP,689416845400,689437554200,20708800,-1
724,1,STEP,689437594200,689458301200,20707000,-1
725,1,STEP,689458340200,689479364700,21024500,-1
726,1,STEP,689479420200,689499967400,20547200,-1
727,1,STEP,689500012200,689522034300,22022100,-1
728,1,STEP,689522080300,689543300400,21220100,-1
729,1,STEP,689543346000,689564400400,21054400,-1
730,1,STEP,689564441800,689586155600,21713800,-1
731,1,STEP,689586196800,689607060800,20864000,-1
732,1,STEP,689607114300,689628110900,20996600,-1
733,1,STEP,689628157400,689649656300,21498900,-1
734,1,STEP,689649698900,689670773800,21074900,-1
735,1,STEP,689670817900,689692087200,21269300,-1
736,1,STEP,689692129900,689713520800,21390900,-1
737,1,STEP,689713572900,689735353200,21780300,-1
738,1,STEP,689735398500,689756726900,21328400,-1
739,1,STEP,689756766800,689777951100,21184300,-1
740,1,STEP,689777998100,689799299100,21301000,-1
741,1,STEP,689799356000,689820345500,20989500,-1
742,1,STEP,689820398300,689842108600,21710300,-1
743,1,STEP,689842152300,689863461800,21309500,-1
744,1,STEP,689863506000,689884958400,21452400,-1
745,1,STEP,689885008500,689906289700,21281200,-1
746,1,STEP,689906352400,689927223800,20871400,-1
747,1,STEP,689927280700,689948759900,21479200,-1
748,1,STEP,689948809600,689969799400,20989800,-1
749,1,STEP,689969847300,689991876800,22029500,-1
750,1,STEP,689991925500,690013183700,21258200,-1
751,1,STEP,690013230500,690034416700,21186200,-1
752,1,STEP,690034467700,690056214900,21747200,-1
753,1,STEP,690056254000,690077711000,21457000,-1
754,1,STEP,690077758700,690098896100,21137400,-1
755,1,STEP,690098937400,690120292300,21354900,-1
756,1,STEP,690120335000,690142477800,22142800,-1
757,1,STEP,690142528800,690164220400,21691600,-1
758,1,STEP,690164259500,690186093300,21833800,-1
759,1,STEP,690186136600,690207647600,21511000,-1
760,1,STEP,690207727400,690229060800,21333400,-1
761,1,STEP,690229109000,690250432200,21323200,-1
762,1,STEP,690250477500,690271492200,21014700,-1
763,1,STEP,690271531400,690293718500,22187100,-1
764,1,STEP,690293760600,690315274000,21513400,-1
765,1,STEP,690315318800,690336713700,21394900,-1
766,1,STEP,690336765400,690357960500,21195100,-1
767,1,STEP,690358019200,690379778900,21759700,-1
768,1,STEP,690379833200,690401635300,21802100,-1
769,1,STEP,690401677200,690422815400,21138200,-1
770,1,STEP,690422864000,690444768700,21904700,-1
771,1,STEP,690444811000,690466819100,22008100,-1
772,1,STEP,690466866500,690488823900,21957400,-1
773,1,STEP,690488874800,690510241200,21366400,-1
774,1,STEP,690510286100,690532093000,21806900,-1
775,1,STEP,690532131700,690553007900,20876200,-1
776,1,STEP,690553058300,690575081400,22023100,-1
777,1,STEP,690575134500,690596104500,20970000,-1
778,1,STEP,690596155400,690617441400,21286000,-1
779,1,STEP,690617485500,690639542200,22056700,-1
780,1,STEP,690639595200,690660551600,20956400,-1
781,1,STEP,690660601300,690682508200,21906900,-1
782,1,STEP,690682554600,690703141600,20587000,-1
783,1,STEP,690703179800,690724649100,21469300,-1
784,1,STEP,690724695700,690745946400,21250700,-1
785,1,STEP,690745984400,690767101600,21117200,-1
786,1,STEP,690767143700,690788177500,21033800,-1
787,1,STEP,690788229100,690809423400,21194300,-1
788,1,STEP,690809473100,690830587500,21114400,-1
789,1,STEP,690830630300,690852230100,21599800,-1
790,1,STEP,690852272400,690873868200,21595800,-1
791,1,STEP,690873914600,690895320500,21405900,-1
792,1,STEP,690895364100,690916489800,21125700,-1
793,1,STEP,690916534600,690937889700,21355100,-1
794,1,STEP,690937934600,690959884000,21949400,-1
795,1,STEP,690959930800,690981481300,21550500,-1
796,1,STEP,690981538200,691003236700,21698500,-1
797,1,STEP,691003280900,691024504400,21223500,-1
798,1,STEP,691024549500,691045321800,20772300,-1
799,1,STEP,691045360800,691066873600,21512800,-1
800,1,STEP,691066914400,691088267700,21353300,-1
801,1,STEP,691088318800,691110254600,21935800,-1
802,1,STEP,691110298700,691132103100,21804400,-1
803,1,STEP,691132148900,691153833300,21684400,-1
804,1,STEP,691153991600,691175293800,21302200,-1
805,1,STEP,691175350200,691196306700,20956500,-1
806,1,STEP,691196363800,691217582700,21218900,-1
807,1,STEP,691217640400,691238562600,20922200,-1
808,1,STEP,691238609100,691260610200,22001100,-1
809,1,STEP,691260665000,691281707200,21042200,-1
810,1,STEP,691281758900,691303261900,21503000,-1
811,1,STEP,691303313900,691325376100,22062200,-1
812,1,STEP,691325417900,691346581100,21163200,-1
813,1,STEP,691346618200,691368274900,21656700,-1
814,1,STEP,691368320300,691390449900,22129600,-1
815,1,STEP,691390507800,691412196600,21688800,-1
816,1,STEP,691412244400,691433255100,21010700,-1
817,1,STEP,691433306700,691454844900,21538200,-1
818,1,STEP,691454883000,691475466600,20583600,-1
819,1,STEP,691475508800,691496887700,21378900,-1
820,1,STEP,691496945400,691517820100,20874700,-1
821,1,STEP,691517867000,691539419000,21552000,-1
822,1,STEP,691539457800,691561132900,21675100,-1
823,1,STEP,691561173500,691582379300,21205800,-1
824,1,STEP,691582418400,691603537400,21119000,-1
825,1,STEP,691603571400,691624957100,21385700,-1
826,1,STEP,691625005400,691646227700,21222300,-1
827,1,STEP,691646267300,691667385300,21118000,-1
828,1,STEP,691667451000,691688799500,21348500,-1
829,1,STEP,691688840300,691710018000,21177700,-1
830,1,STEP,691710059900,691731426800,21366900,-1
831,1,STEP,691731493900,691752840000,21346100,-1
832,1,STEP,691752878500,691773995200,21116700,-1
833,1,STEP,691774036100,691795976000,21939900,-1
834,1,STEP,691796026300,691817019400,20993100,-1
835,1,STEP,691817067600,691838026900,20959300,-1
836,1,STEP,691838082600,691858925600,20843000,-1
837,1,STEP,691858974300,691880224100,21249800,-1
838,1,STEP,691880276800,691901866900,21590100,-1
839,1,STEP,691901915700,691923577900,21662200,-1
840,1,STEP,691923620000,691945131200,21511200,-1
841,1,STEP,691945185400,691966447800,21262400,-1
842,1,STEP,691966487900,691986885000,20397100,-1
843,1,STEP,691986934000,692008615100,21681100,-1
844,1,STEP,692008657400,692029596300,20938900,-1
845,1,STEP,692029655200,692051009400,21354200,-1
846,1,STEP,692051061700,692072388500,21326800,-1
847,1,STEP,692072435800,692093815900,21380100,-1
848,1,STEP,692093862400,692115019700,21157300,-1
849,1,STEP,692115064900,692136930700,21865800,-1
850,1,STEP,692136977700,692158575700,21598000,-1
851,1,STEP,692158627200,692180070400,21443200,-1
852,1,STEP,692180111900,692201081700,20969800,-1
853,1,STEP,692201131000,692222191100,21060100,-1
854,1,STEP,692222246800,692243104000,20857200,-1
855,1,STEP,692243151600,692265419800,22268200,-1
856,1,STEP,692265472000,692286927500,21455500,-1
857,1,STEP,692286983800,692308063600,21079800,-1
858,1,STEP,692308123700,692329196600,21072900,-1
859,1,STEP,692329267900,692350018800,20750900,-1
860,1,STEP,692350067500,692371378600,21311100,-1
861,1,STEP,692371423000,692393171800,21748800,-1
862,1,STEP,692393215800,692414767300,21551500,-1
863,1,STEP,692414813400,692435682100,20868700,-1
864,1,STEP,692435731700,692456615900,20884200,-1
865,1,STEP,692456670200,692478464300,21794100,-1
866,1,STEP,692478527500,692500229300,21701800,-1
867,1,STEP,692500272900,692521007400,20734500,-1
868,1,STEP,692521053300,692542997600,21944300,-1
869,1,STEP,692543042400,692564967100,21924700,-1
870,1,STEP,692565008300,692586427300,21419000,-1
871,1,STEP,692586476400,692608146100,21669700,-1
872,1,STEP,692608187600,692629481600,21294000,-1
873,1,STEP,692629521500,692650594100,21072600,-1
874,1,STEP,692650637300,692671850000,21212700,-1
875,1,STEP,692671896300,692693196500,21300200,-1
876,1,STEP,692693263700,692714558800,21295100,-1
877,1,STEP,692714609300,692736810400,22201100,-1
878,1,STEP,692736859700,692759124800,22265100,-1
879,1,STEP,692759174800,692779897600,20722800,-1
880,1,STEP,692779943900,692800688700,20744800,-1
881,1,STEP,692800743900,692821892500,21148600,-1
882,1,STEP,692821940900,692843683900,21743000,-1
883,1,STEP,692843732200,692865579600,21847400,-1
884,1,STEP,692865626700,692886827800,21201100,-1
885,1,STEP,692886878500,692907595900,20717400,-1
886,1,STEP,692907649800,692928029800,20380000,-1
887,1,STEP,692928080300,692948909200,20828900,-1
888,1,STEP,692948968300,692970273900,21305600,-1
889,1,STEP,692970325700,692991543300,21217600,-1
890,1,STEP,692991595300,693012847600,21252300,-1
891,1,STEP,693012898400,693033394500,20496100,-1
892,1,STEP,693033445900,693054253600,20807700,-1
893,1,STEP,693054308400,693074936200,20627800,-1
894,1,STEP,693074998600,693095443000,20444400,-1
895,1,STEP,693095500700,693116019700,20519000,-1
896,1,STEP,693116078400,693136791500,20713100,-1
897,1,STEP,693136864800,693157673100,20808300,-1
898,1,STEP,693157730300,693178166400,20436100,-1
899,1,STEP,693178222100,693198746800,20524700,-1
900,1,STEP,693198799400,693219795900,20996500,-1
901,1,STEP,693219853300,693240188800,20335500,-1
902,1,STEP,693240243600,693260845600,20602000,-1
903,1,STEP,693260903200,693281721700,20818500,-1
904,1,STEP,693281773400,693302754200,20980800,-1
905,1,STEP,693302809000,693324319000,21510000,-1
906,1,STEP,693324393600,693345434600,21041000,-1
907,1,STEP,693345503800,693365942000,20438200,-1
908,1,STEP,693366004400,693387407500,21403100,-1
909,1,STEP,693387467100,693408133900,20666800,-1
910,1,STEP,693408194200,693429881700,21687500,-1
911,1,STEP,693429947200,693451029100,21081900,-1
912,1,STEP,693451095600,693471527600,20432000,-1
913,1,STEP,693471593200,693492942200,21349000,-1
914,1,STEP,693493028900,693515004500,21975600,-1
915,1,STEP,693515088400,693536404200,21315800,-1
916,1,STEP,693536482500,693557933900,21451400,-1
917,1,STEP,693558029800,693579636200,21606400,-1
918,1,STEP,693579716400,693600685700,20969300,-1
919,1,STEP,693600756100,693621893700,21137600,-1
920,1,STEP,693621985500,693642483300,20497800,-1
921,1,STEP,693642560100,693664371800,21811700,-1
922,1,STEP,693664460800,693685896300,21435500,-1
923,1,STEP,693686022200,693706783800,20761600,-1
924,1,STEP,693706843600,693726606100,19762500,-1
925,1,STEP,693726679300,693747276200,20596900,-1
926,1,STEP,693747389500,693768593500,21204000,-1
927,1,STEP,693768643500,693790314100,21670600,-1
928,1,STEP,693790361600,693811727500,21365900,-1
929,1,STEP,693811774100,693833229900,21455800,-1
930,1,STEP,693833283700,693855027300,21743600,-1
931,1,STEP,693855082700,693876360700,21278000,-1
932,1,STEP,693876416600,693897357600,20941000,-1
933,1,STEP,693897436700,693918387500,20950800,-1
934,1,STEP,693918439600,693939884600,21445000,-1
935,1,STEP,693939928500,693961928600,22000100,-1
936,1,STEP,693961977000,693983675800,21698800,-1
937,1,STEP,693983723600,694005004100,21280500,-1
938,1,STEP,694005050800,694026425100,21374300,-1
939,1,STEP,694026481800,694047932900,21451100,-1
940,1,STEP,694047988600,694069280700,21292100,-1
941,1,STEP,694069339700,694090313800,20974100,-1
942,1,STEP,694090366000,694111600400,21234400,-1
943,1,STEP,694111649700,694132678500,21028800,-1
944,1,STEP,694132731000,694154142500,21411500,-1
945,1,STEP,694154194700,694175072400,20877700,-1
946,1,STEP,694175126600,694195824300,20697700,-1
947,1,STEP,694195879600,694216978100,21098500,-1
948,1,STEP,694217043800,694238017200,20973400,-1
949,1,STEP,694238069500,694259630200,21560700,-1
950,1,STEP,694259675900,694281713800,22037900,-1
951,1,STEP,694281763500,694302965400,21201900,-1
952,1,STEP,694303016400,694324364800,21348400,-1
953,1,STEP,694324420300,694345520500,21100200,-1
954,1,STEP,694345580100,694366856000,21275900,-1
955,1,STEP,694366903300,694388284300,21381000,-1
956,1,STEP,694388335800,694410288900,21953100,-1
957,1,STEP,694410335300,694431276500,20941200,-1
958,1,STEP,694431334800,694452528500,21193700,-1
959,1,STEP,694452582000,694473842900,21260900,-1
960,1,STEP,694473899300,694494912700,21013400,-1
961,1,STEP,694494957900,694516533900,21576000,-1
962,1,STEP,694516582900,694537512300,20929400,-1
963,1,STEP,694537560600,694558668400,21107800,-1
964,1,STEP,694558705400,694579619000,20913600,-1
965,1,STEP,694579658400,694601811900,22153500,-1
966,1,STEP,694601871100,694623209100,21338000,-1
967,1,STEP,694623264200,694644701000,21436800,-1
968,1,STEP,694644750900,694665567600,20816700,-1
969,1,STEP,694665621200,694686825900,21204700,-1
970,1,STEP,694686874800,694708100800,21226000,-1
971,1,STEP,694708142600,694728973300,20830700,-1
972,1,STEP,694729023500,694751106200,22082700,-1
973,1,STEP,694751148300,694772766100,21617800,-1
974,1,STEP,694772814200,694793890100,21075900,-1
975,1,STEP,694793936700,694815304300,21367600,-1
976,1,STEP,694815351400,694836908400,21557000,-1
977,1,STEP,694836957100,694858122200,21165100,-1
978,1,STEP,694858166100,694879477900,21311800,-1
979,1,STEP,694879521200,694900914000,21392800,-1
980,1,STEP,694900967800,694922439200,21471400,-1
981,1,STEP,694922491200,694943358600,20867400,-1
982,1,STEP,694943427700,694965512800,22085100,-1
983,1,STEP,694965553500,694987507900,21954400,-1
984,1,STEP,694987553500,695009274700,21721200,-1
985,1,STEP,695009316700,695030821300,21504600,-1
986,1,STEP,695030874900,695052627500,21752600,-1
987,1,STEP,695052675000,695073919900,21244900,-1
988,1,STEP,695073962400,695095078700,21116300,-1
989,1,STEP,695095125200,695117199800,22074600,-1
990,1,STEP,695117236100,695138299800,21063700,-1
991,1,STEP,695138335500,695159812700,21477200,-1
992,1,STEP,695159864200,695181093500,21229300,-1
993,1,STEP,695181153500,695202479900,21326400,-1
994,1,STEP,695202533200,695223363000,20829800,-1
995,1,STEP,695223417900,695244373300,20955400,-1
996,1,STEP,695244427200,695265505400,21078200,-1
997,1,STEP,695265548600,695286556600,21008000,-1
998,1,STEP,695286604500,695308626100,22021600,-1
999,1,STEP,695308676300,695329781600,21105300,-1
