Gen,Resource,Stamp,TimeStamp_Start,TimeStamp_End,Duration,Indiv_id
0,1,TransfertToDevice,742315908100,742719443400,403535300,-1
0,1,STEP,742858500400,742879636200,21135800,-1
1,1,STEP,742879699800,742899522400,19822600,-1
2,1,STEP,742899564600,742919378900,19814300,-1
3,1,STEP,742919432200,742939355000,19922800,-1
4,1,STEP,742939411200,742959952700,20541500,-1
5,1,STEP,742959999200,742977478900,17479700,-1
6,1,STEP,742977539200,742994188800,16649600,-1
7,1,STEP,742994263100,743010910800,16647700,-1
8,1,STEP,743010965500,743027961300,16995800,-1
9,1,STEP,743028009900,743044758300,16748400,-1
10,1,STEP,743044815700,743061294300,16478600,-1
11,1,STEP,743061344100,743078295000,16950900,-1
12,1,STEP,743078353300,743095463000,17109700,-1
13,1,STEP,743095514500,743112717700,17203200,-1
14,1,STEP,743112770800,743130111000,17340200,-1
15,1,STEP,743130167100,743147176500,17009400,-1
16,1,STEP,743147245700,743164161600,16915900,-1
17,1,STEP,743164218100,743180941200,16723100,-1
18,1,STEP,743180994300,743197308900,16314600,-1
19,1,STEP,743197376100,743214445700,17069600,-1
20,1,STEP,743214504100,743231724200,17220100,-1
21,1,STEP,743231791300,743248293500,16502200,-1
22,1,STEP,743248359300,743264974600,16615300,-1
23,1,STEP,743265038900,743281831700,16792800,-1
24,1,STEP,743281882000,743298923600,17041600,-1
25,1,STEP,743298955500,743315957300,17001800,-1
26,1,STEP,743315998800,743333032800,17034000,-1
27,1,STEP,743333064000,743350126700,17062700,-1
28,1,STEP,743350178000,743367136300,16958300,-1
29,1,STEP,743367184000,743384369300,17185300,-1
30,1,STEP,743384409200,743401364600,16955400,-1
31,1,STEP,743401399100,743418655100,17256000,-1
32,1,STEP,743418700500,743436242700,17542200,-1
33,1,STEP,743436291300,743453857400,17566100,-1
34,1,STEP,743453917000,743471638100,17721100,-1
35,1,STEP,743471685700,743489369500,17683800,-1
36,1,STEP,743489417300,743507167700,17750400,-1
37,1,STEP,743507224100,743525417800,18193700,-1
38,1,STEP,743525476400,743543873200,18396800,-1
39,1,STEP,743543929700,743562434700,18505000,-1
40,1,STEP,743562483900,743581059700,18575800,-1
41,1,STEP,743581106100,743599780600,18674500,-1
42,1,STEP,743599821300,743619339400,19518100,-1
43,1,STEP,743619381700,743638912400,19530700,-1
44,1,STEP,743638953000,743658423900,19470900,-1
45,1,STEP,743658476800,743678202400,19725600,-1
46,1,STEP,743678242700,743698020500,19777800,-1
47,1,STEP,743698064500,743718191100,20126600,-1
48,1,STEP,743718246100,743738328400,20082300,-1
49,1,STEP,743738368300,743758450000,20081700,-1
50,1,STEP,743758506900,743778775700,20268800,-1
51,1,STEP,743778816200,743799090400,20274200,-1
52,1,STEP,743799133200,743819264600,20131400,-1
53,1,STEP,743819298100,743839571800,20273700,-1
54,1,STEP,743839606700,743860140800,20534100,-1
55,1,STEP,743860189300,743880621600,20432300,-1
56,1,STEP,743880668300,743900974900,20306600,-1
57,1,STEP,743901019100,743921884000,20864900,-1
58,1,STEP,743921927100,743942263300,20336200,-1
59,1,STEP,743942301200,743963192600,20891400,-1
60,1,STEP,743963234300,743983575600,20341300,-1
61,1,STEP,743983630900,744003600500,19969600,-1
62,1,STEP,744003655500,744023360300,19704800,-1
63,1,STEP,744023419000,744043178000,19759000,-1
64,1,STEP,744043237600,744063056500,19818900,-1
65,1,STEP,744063110500,744083042200,19931700,-1
66,1,STEP,744083094500,744103694700,20600200,-1
67,1,STEP,744103744900,744123805100,20060200,-1
68,1,STEP,744123866400,744144080200,20213800,-1
69,1,STEP,744144137700,744164797700,20660000,-1
70,1,STEP,744164852800,744185253200,20400400,-1
71,1,STEP,744185309300,744204983300,19674000,-1
72,1,STEP,744205040300,744225029100,19988800,-1
73,1,STEP,744225084600,744244809800,19725200,-1
74,1,STEP,744244898600,744264621600,19723000,-1
75,1,STEP,744264676400,744284541400,19865000,-1
76,1,STEP,744284615800,744304750700,20134900,-1
77,1,STEP,744304802100,744325106300,20304200,-1
78,1,STEP,744325156200,744345291000,20134800,-1
79,1,STEP,744345337000,744366059100,20722100,-1
80,1,STEP,744366102900,744386403100,20300200,-1
81,1,STEP,744386450200,744407000800,20550600,-1
82,1,STEP,744407038000,744427294800,20256800,-1
83,1,STEP,744427350700,744447767400,20416700,-1
84,1,STEP,744447825300,744468749100,20923800,-1
85,1,STEP,744468803200,744489116400,20313200,-1
86,1,STEP,744489173700,744509423700,20250000,-1
87,1,STEP,744509492200,744531026800,21534600,-1
88,1,STEP,744531100900,744551631100,20530200,-1
89,1,STEP,744551693300,744572710800,21017500,-1
90,1,STEP,744572806900,744593171400,20364500,-1
91,1,STEP,744593274500,744614851500,21577000,-1
92,1,STEP,744614925000,744635598700,20673700,-1
93,1,STEP,744635677200,744656085300,20408100,-1
94,1,STEP,744656196900,744676683000,20486100,-1
95,1,STEP,744676741800,744697344900,20603100,-1
96,1,STEP,744697404400,744718787400,21383000,-1
97,1,STEP,744718863800,744739765100,20901300,-1
98,1,STEP,744739818100,744760732400,20914300,-1
99,1,STEP,744760787100,744781896700,21109600,-1
100,1,STEP,744781945300,744803238800,21293500,-1
101,1,STEP,744803296400,744824359200,21062800,-1
102,1,STEP,744824412500,744845570500,21158000,-1
103,1,STEP,744845621900,744866727300,21105400,-1
104,1,STEP,744866778700,744887640000,20861300,-1
105,1,STEP,744887689700,744908591900,20902200,-1
106,1,STEP,744908642400,744929561900,20919500,-1
107,1,STEP,744929609900,744950582300,20972400,-1
108,1,STEP,744950632200,744972160300,21528100,-1
109,1,STEP,744972207800,744992790000,20582200,-1
110,1,STEP,744992841500,745013665600,20824100,-1
111,1,STEP,745013708000,745036338700,22630700,-1
112,1,STEP,745036493500,745058514000,22020500,-1
113,1,STEP,745058574800,745079622700,21047900,-1
114,1,STEP,745079670500,745100569000,20898500,-1
115,1,STEP,745100625300,745121804900,21179600,-1
116,1,STEP,745121875700,745142872500,20996800,-1
117,1,STEP,745142936600,745164367300,21430700,-1
118,1,STEP,745164419000,745185705800,21286800,-1
119,1,STEP,745185757300,745207594400,21837100,-1
120,1,STEP,745207647100,745229148800,21501700,-1
121,1,STEP,745229197100,745250421000,21223900,-1
122,1,STEP,745250473800,745271656700,21182900,-1
123,1,STEP,745271708300,745293371600,21663300,-1
124,1,STEP,745293509000,745316733900,23224900,-1
125,1,STEP,745316852800,745337964000,21111200,-1
126,1,STEP,745338013500,745358233900,20220400,-1
127,1,STEP,745358287800,745379382200,21094400,-1
128,1,STEP,745379439500,745400495500,21056000,-1
129,1,STEP,745400547100,745420978300,20431200,-1
130,1,STEP,745421033100,745441528700,20495600,-1
131,1,STEP,745441585600,745462951500,21365900,-1
132,1,STEP,745463001500,745483969300,20967800,-1
133,1,STEP,745484025500,745506301500,22276000,-1
134,1,STEP,745506356300,745527383300,21027000,-1
135,1,STEP,745527448700,745548490700,21042000,-1
136,1,STEP,745548585500,745569488800,20903300,-1
137,1,STEP,745569538500,745591021800,21483300,-1
138,1,STEP,745591071300,745612284500,21213200,-1
139,1,STEP,745612338700,745633658900,21320200,-1
140,1,STEP,745633756600,745655353200,21596600,-1
141,1,STEP,745655434100,745676666900,21232800,-1
142,1,STEP,745676765700,745698013000,21247300,-1
143,1,STEP,745698069700,745719198400,21128700,-1
144,1,STEP,745719250400,745740429400,21179000,-1
145,1,STEP,745740483700,745761611500,21127800,-1
146,1,STEP,745761670500,745782740900,21070400,-1
147,1,STEP,745782798900,745804110400,21311500,-1
148,1,STEP,745804162900,745825370900,21208000,-1
149,1,STEP,745825421800,745847315400,21893600,-1
150,1,STEP,745847364800,745868851900,21487100,-1
151,1,STEP,745868899500,745890200600,21301100,-1
152,1,STEP,745890281800,745912215900,21934100,-1
153,1,STEP,745912268800,745933905700,21636900,-1
154,1,STEP,745933971700,745955391300,21419600,-1
155,1,STEP,745955444400,745977316800,21872400,-1
156,1,STEP,745977366400,745998892600,21526200,-1
157,1,STEP,745998940200,746021280000,22339800,-1
158,1,STEP,746021357900,746042141900,20784000,-1
159,1,STEP,746042196200,746063677300,21481100,-1
160,1,STEP,746063733500,746084620300,20886800,-1
161,1,STEP,746084671900,746105703000,21031100,-1
162,1,STEP,746105755100,746127055600,21300500,-1
163,1,STEP,746127114100,746148297400,21183300,-1
164,1,STEP,746148369200,746169512700,21143500,-1
165,1,STEP,746169578900,746191073100,21494200,-1
166,1,STEP,746191284900,746213924800,22639900,-1
167,1,STEP,746214097000,746236253800,22156800,-1
168,1,STEP,746236300000,746257659700,21359700,-1
169,1,STEP,746257709700,746279133200,21423500,-1
170,1,STEP,746279183200,746300109800,20926600,-1
171,1,STEP,746300167800,746322036500,21868700,-1
172,1,STEP,746322093600,746344229600,22136000,-1
173,1,STEP,746344279900,746365988900,21709000,-1
174,1,STEP,746366039000,746388426200,22387200,-1
175,1,STEP,746388473400,746410048300,21574900,-1
176,1,STEP,746410095000,746431752600,21657600,-1
177,1,STEP,746431801900,746453594100,21792200,-1
178,1,STEP,746453648700,746475361600,21712900,-1
179,1,STEP,746475411400,746496615600,21204200,-1
180,1,STEP,746496662200,746518129800,21467600,-1
181,1,STEP,746518196400,746540477100,22280700,-1
182,1,STEP,746540527000,746562131100,21604100,-1
183,1,STEP,746562179800,746584095000,21915200,-1
184,1,STEP,746584154300,746605941500,21787200,-1
185,1,STEP,746606011000,746627621400,21610400,-1
186,1,STEP,746627670000,746649175900,21505900,-1
187,1,STEP,746649221500,746670342200,21120700,-1
188,1,STEP,746670397600,746691766200,21368600,-1
189,1,STEP,746691872400,746713319800,21447400,-1
190,1,STEP,746713374600,746735368200,21993600,-1
191,1,STEP,746735428200,746756915300,21487100,-1
192,1,STEP,746756967600,746778445800,21478200,-1
193,1,STEP,746778488300,746800493100,22004800,-1
194,1,STEP,746800551000,746822059800,21508800,-1
195,1,STEP,746822105300,746844155900,22050600,-1
196,1,STEP,746844205000,746866150100,21945100,-1
197,1,STEP,746866220300,746887363300,21143000,-1
198,1,STEP,746887419000,746908323700,20904700,-1
199,1,STEP,746908378900,746929893800,21514900,-1
200,1,STEP,746929944600,746950971400,21026800,-1
201,1,STEP,746951020300,746972305200,21284900,-1
202,1,STEP,746972353400,746994371400,22018000,-1
203,1,STEP,746994422600,747015872600,21450000,-1
204,1,STEP,747015927100,747038605500,22678400,-1
205,1,STEP,747038657400,747060991700,22334300,-1
206,1,STEP,747061041700,747083264400,22222700,-1
207,1,STEP,747083315700,747105291700,21976000,-1
208,1,STEP,747105349600,747127283900,21934300,-1
209,1,STEP,747127361400,747149984500,22623100,-1
210,1,STEP,747150032700,747171076000,21043300,-1
211,1,STEP,747171130400,747192798400,21668000,-1
212,1,STEP,747192847600,747215206700,22359100,-1
213,1,STEP,747215258500,747237261400,22002900,-1
214,1,STEP,747237326700,747258761800,21435100,-1
215,1,STEP,747258828600,747280614800,21786200,-1
216,1,STEP,747280674300,747301744500,21070200,-1
217,1,STEP,747301795600,747323396600,21601000,-1
218,1,STEP,747323448800,747344767400,21318600,-1
219,1,STEP,747344844600,747365974300,21129700,-1
220,1,STEP,747366034600,747387544600,21510000,-1
221,1,STEP,747387670300,747409191300,21521000,-1
222,1,STEP,747409278500,747430219400,20940900,-1
223,1,STEP,747430282300,747452179600,21897300,-1
224,1,STEP,747452239600,747473573600,21334000,-1
225,1,STEP,747473633600,747494913700,21280100,-1
226,1,STEP,747494989100,747516757300,21768200,-1
227,1,STEP,747516859900,747537926500,21066600,-1
228,1,STEP,747538007900,747558830800,20822900,-1
229,1,STEP,747558913600,747580612300,21698700,-1
230,1,STEP,747580772900,747602501300,21728400,-1
231,1,STEP,747602619900,747624044000,21424100,-1
232,1,STEP,747624113600,747645230100,21116500,-1
233,1,STEP,747645315300,747667090800,21775500,-1
234,1,STEP,747667161500,747688624600,21463100,-1
235,1,STEP,747688844600,747710297000,21452400,-1
236,1,STEP,747710394400,747731514600,21120200,-1
237,1,STEP,747731623400,747753198700,21575300,-1
238,1,STEP,747753275900,747775055000,21779100,-1
239,1,STEP,747775129000,747796613400,21484400,-1
240,1,STEP,747796725000,747819308900,22583900,-1
241,1,STEP,747819382700,747841104500,21721800,-1
242,1,STEP,747841173400,747862161100,20987700,-1
243,1,STEP,747862251400,747883326300,21074900,-1
244,1,STEP,747883414400,747904034700,20620300,-1
245,1,STEP,747904108500,747925104400,20995900,-1
246,1,STEP,747925198400,747946004500,20806100,-1
247,1,STEP,747946156900,747967246100,21089200,-1
248,1,STEP,747967428100,747988359100,20931000,-1
249,1,STEP,747988471700,748010057300,21585600,-1
250,1,STEP,748010152300,748031400400,21248100,-1
251,1,STEP,748031521000,748053403600,21882600,-1
252,1,STEP,748053513300,748074520500,21007200,-1
253,1,STEP,748074601700,748096180200,21578500,-1
254,1,STEP,748096235200,748117436900,21201700,-1
255,1,STEP,748117606000,748139020300,21414300,-1
256,1,STEP,748139091400,748160468200,21376800,-1
257,1,STEP,748160534700,748181589500,21054800,-1
258,1,STEP,748181696000,748203207300,21511300,-1
259,1,STEP,748203297300,748224633400,21336100,-1
260,1,STEP,748224714200,748246921400,22207200,-1
261,1,STEP,748247062700,748269280000,22217300,-1
262,1,STEP,748269338300,748291530100,22191800,-1
263,1,STEP,748291634200,748314108400,22474200,-1
264,1,STEP,748314209200,748335618600,21409400,-1
265,1,STEP,748335722800,748357646400,21923600,-1
266,1,STEP,748357741600,748380161000,22419400,-1
267,1,STEP,748380252200,748401744500,21492300,-1
268,1,STEP,748401830200,748424317100,22486900,-1
269,1,STEP,748424405200,748445804900,21399700,-1
270,1,STEP,748445887200,748467397100,21509900,-1
271,1,STEP,748467460700,748488507200,21046500,-1
272,1,STEP,748488573100,748509557100,20984000,-1
273,1,STEP,748509633900,748531206700,21572800,-1
274,1,STEP,748531323500,748552507700,21184200,-1
275,1,STEP,748552572000,748574008900,21436900,-1
276,1,STEP,748574088600,748595366500,21277900,-1
277,1,STEP,748595435700,748616914000,21478300,-1
278,1,STEP,748616993900,748639602100,22608200,-1
279,1,STEP,748639682600,748661879200,22196600,-1
280,1,STEP,748662046100,748683924400,21878300,-1
281,1,STEP,748684020100,748705327300,21307200,-1
282,1,STEP,748705442100,748726741000,21298900,-1
283,1,STEP,748726851100,748748147200,21296100,-1
284,1,STEP,748748287300,748769765700,21478400,-1
285,1,STEP,748769861700,748791643800,21782100,-1
286,1,STEP,748791710600,748813314100,21603500,-1
287,1,STEP,748813376600,748834947400,21570800,-1
288,1,STEP,748835023600,748856570600,21547000,-1
289,1,STEP,748856764500,748878211600,21447100,-1
290,1,STEP,748878298600,748900690200,22391600,-1
291,1,STEP,748900813700,748923000600,22186900,-1
292,1,STEP,748923070600,748944747000,21676400,-1
293,1,STEP,748944803600,748966841800,22038200,-1
294,1,STEP,748966922200,748988869200,21947000,-1
295,1,STEP,748988974700,749010986500,22011800,-1
296,1,STEP,749011045300,749032713700,21668400,-1
297,1,STEP,749032822500,749054470300,21647800,-1
298,1,STEP,749054532300,749076048700,21516400,-1
299,1,STEP,749076111700,749097919700,21808000,-1
300,1,STEP,749097990800,749119412000,21421200,-1
301,1,STEP,749119514100,749141341100,21827000,-1
302,1,STEP,749141416600,749163893300,22476700,-1
303,1,STEP,749164010800,749186061200,22050400,-1
304,1,STEP,749186129500,749208275800,22146300,-1
305,1,STEP,749208344700,749229991400,21646700,-1
306,1,STEP,749230047900,749251921900,21874000,-1
307,1,STEP,749252078900,749273761200,21682300,-1
308,1,STEP,749273875100,749296279500,22404400,-1
309,1,STEP,749296415100,749318351300,21936200,-1
310,1,STEP,749318418200,749341606400,23188200,-1
311,1,STEP,749341862700,749363540700,21678000,-1
312,1,STEP,749363699400,749385891200,22191800,-1
313,1,STEP,749385984100,749407455700,21471600,-1
314,1,STEP,749407562800,749429070000,21507200,-1
315,1,STEP,749429184200,749451491700,22307500,-1
316,1,STEP,749451561700,749473273300,21711600,-1
317,1,STEP,749473340400,749495753900,22413500,-1
318,1,STEP,749495909700,749517114300,21204600,-1
319,1,STEP,749517205500,749539970300,22764800,-1
320,1,STEP,749540116900,749562291600,22174700,-1
321,1,STEP,749562360500,749585387700,23027200,-1
322,1,STEP,749585595600,749606676700,21081100,-1
323,1,STEP,749606850800,749629481300,22630500,-1
324,1,STEP,749629538900,749650831200,21292300,-1
325,1,STEP,749650947800,749672067000,21119200,-1
326,1,STEP,749672125100,749693662900,21537800,-1
327,1,STEP,749693724800,749715284800,21560000,-1
328,1,STEP,749715352300,749736432800,21080500,-1
329,1,STEP,749736489800,749758934100,22444300,-1
330,1,STEP,749759164500,749780820400,21655900,-1
331,1,STEP,749780940200,749802619500,21679300,-1
332,1,STEP,749802720600,749825131200,22410600,-1
333,1,STEP,749825218400,749847774100,22555700,-1
334,1,STEP,749847843600,749869839200,21995600,-1
335,1,STEP,749870040200,749891913700,21873500,-1
336,1,STEP,749892050900,749913343200,21292300,-1
337,1,STEP,749913402800,749935353600,21950800,-1
338,1,STEP,749935488000,749957311600,21823600,-1
339,1,STEP,749957391900,749979672500,22280600,-1
340,1,STEP,749979764700,750001477400,21712700,-1
341,1,STEP,750001567200,750024154200,22587000,-1
342,1,STEP,750024297200,750045827400,21530200,-1
343,1,STEP,750045934900,750067657300,21722400,-1
344,1,STEP,750067818900,750089910800,22091900,-1
345,1,STEP,750089980700,750111281500,21300800,-1
346,1,STEP,750111344800,750132253900,20909100,-1
347,1,STEP,750132316500,750154172400,21855900,-1
348,1,STEP,750154268800,750176836700,22567900,-1
349,1,STEP,750176948300,750198756700,21808400,-1
350,1,STEP,750198833700,750221053700,22220000,-1
351,1,STEP,750221124300,750242965200,21840900,-1
352,1,STEP,750243048000,750265253500,22205500,-1
353,1,STEP,750265335800,750287331000,21995200,-1
354,1,STEP,750287397000,750309457600,22060600,-1
355,1,STEP,750309511500,750330358400,20846900,-1
356,1,STEP,750330413500,750351535500,21122000,-1
357,1,STEP,750351593500,750373682400,22088900,-1
358,1,STEP,750373739900,750394605000,20865100,-1
359,1,STEP,750394677200,750415668000,20990800,-1
360,1,STEP,750415745100,750437127100,21382000,-1
361,1,STEP,750437194500,750458907300,21712800,-1
362,1,STEP,750458972500,750480039500,21067000,-1
363,1,STEP,750480102600,750501950400,21847800,-1
364,1,STEP,750502159900,750523817500,21657600,-1
365,1,STEP,750523924700,750545475700,21551000,-1
366,1,STEP,750545536000,750567149300,21613300,-1
367,1,STEP,750567209300,750588684100,21474800,-1
368,1,STEP,750588752500,750609992900,21240400,-1
369,1,STEP,750610045500,750631414200,21368700,-1
370,1,STEP,750631467200,750653004400,21537200,-1
371,1,STEP,750653054500,750674965600,21911100,-1
372,1,STEP,750675017400,750696409800,21392400,-1
373,1,STEP,750696465300,750718117600,21652300,-1
374,1,STEP,750718166400,750739625700,21459300,-1
375,1,STEP,750739681500,750761256600,21575100,-1
376,1,STEP,750761318800,750783633300,22314500,-1
377,1,STEP,750783689500,750805092400,21402900,-1
378,1,STEP,750805149200,750826208800,21059600,-1
379,1,STEP,750826273200,750847556400,21283200,-1
380,1,STEP,750847613400,750869114500,21501100,-1
381,1,STEP,750869168400,750890323900,21155500,-1
382,1,STEP,750890402200,750911811600,21409400,-1
383,1,STEP,750911887600,750933790300,21902700,-1
384,1,STEP,750933847500,750954948400,21100900,-1
385,1,STEP,750955019400,750977659400,22640000,-1
386,1,STEP,750977714900,750999022700,21307800,-1
387,1,STEP,750999074700,751021692200,22617500,-1
388,1,STEP,751021753600,751042970100,21216500,-1
389,1,STEP,751043029700,751064174600,21144900,-1
390,1,STEP,751064345900,751085713000,21367100,-1
391,1,STEP,751085792100,751107156100,21364000,-1
392,1,STEP,751107214600,751128540300,21325700,-1
393,1,STEP,751128591500,751150780700,22189200,-1
394,1,STEP,751150835400,751172264000,21428600,-1
395,1,STEP,751172312900,751194566400,22253500,-1
396,1,STEP,751194631200,751218406400,23775200,-1
397,1,STEP,751218462400,751241858800,23396400,-1
398,1,STEP,751241912900,751265566600,23653700,-1
399,1,STEP,751265640200,751289467500,23827300,-1
400,1,STEP,751289529800,751313387600,23857800,-1
401,1,STEP,751313441500,751336436200,22994700,-1
402,1,STEP,751336490600,751359260100,22769500,-1
403,1,STEP,751359313100,751382864400,23551300,-1
404,1,STEP,751382911300,751405963000,23051700,-1
405,1,STEP,751406016200,751429359700,23343500,-1
406,1,STEP,751429407200,751452677500,23270300,-1
407,1,STEP,751452729100,751476072700,23343600,-1
408,1,STEP,751476121500,751499985900,23864400,-1
409,1,STEP,751500033700,751523252800,23219100,-1
410,1,STEP,751523308900,751546452200,23143300,-1
411,1,STEP,751546511100,751569729200,23218100,-1
412,1,STEP,751569777700,751592832100,23054400,-1
413,1,STEP,751592885200,751616124900,23239700,-1
414,1,STEP,751616173500,751639113800,22940300,-1
415,1,STEP,751639158200,751662338300,23180100,-1
416,1,STEP,751662390400,751685872400,23482000,-1
417,1,STEP,751685917300,751709786300,23869000,-1
418,1,STEP,751709852100,751733344400,23492300,-1
419,1,STEP,751733395200,751756546800,23151600,-1
420,1,STEP,751756596300,751779798500,23202200,-1
421,1,STEP,751779843700,751803102600,23258900,-1
422,1,STEP,751803155000,751826007800,22852800,-1
423,1,STEP,751826051200,751848598500,22547300,-1
424,1,STEP,751848652100,751870585600,21933500,-1
425,1,STEP,751870635400,751892689200,22053800,-1
426,1,STEP,751892737500,751914371500,21634000,-1
427,1,STEP,751914429300,751936611800,22182500,-1
428,1,STEP,751936680800,751958890700,22209900,-1
429,1,STEP,751958962800,751980542200,21579400,-1
430,1,STEP,751980600000,752002160300,21560300,-1
431,1,STEP,752002233300,752023451200,21217900,-1
432,1,STEP,752023524800,752045028300,21503500,-1
433,1,STEP,752045112200,752067366700,22254500,-1
434,1,STEP,752067443600,752089349600,21906000,-1
435,1,STEP,752089410400,752111989000,22578600,-1
436,1,STEP,752112048800,752133627900,21579100,-1
437,1,STEP,752133755000,752156103200,22348200,-1
438,1,STEP,752156172700,752178341000,22168300,-1
439,1,STEP,752178418500,752200335800,21917300,-1
440,1,STEP,752200392000,752222698600,22306600,-1
441,1,STEP,752227969400,752249461800,21492400,-1
442,1,STEP,752249521800,752272180400,22658600,-1
443,1,STEP,752272253000,752293742900,21489900,-1
444,1,STEP,752293830900,752316332100,22501200,-1
445,1,STEP,752316427600,752338953800,22526200,-1
446,1,STEP,752339007800,752360747500,21739700,-1
447,1,STEP,752360798200,752382755700,21957500,-1
448,1,STEP,752382812700,752404479900,21667200,-1
449,1,STEP,752404564900,752425876200,21311300,-1
450,1,STEP,752425931700,752447583100,21651400,-1
451,1,STEP,752447643000,752469278700,21635700,-1
452,1,STEP,752469325400,752491095900,21770500,-1
453,1,STEP,752491151300,752513039800,21888500,-1
454,1,STEP,752513080300,752535080200,21999900,-1
455,1,STEP,752535134200,752557361900,22227700,-1
456,1,STEP,752557454100,752579477000,22022900,-1
457,1,STEP,752579526800,752601317700,21790900,-1
458,1,STEP,752601375500,752623246400,21870900,-1
459,1,STEP,752623302100,752645064900,21762800,-1
460,1,STEP,752645119000,752666634100,21515100,-1
461,1,STEP,752666683000,752688964400,22281400,-1
462,1,STEP,752689009100,752711232600,22223500,-1
463,1,STEP,752711276700,752732907600,21630900,-1
464,1,STEP,752732951000,752754978800,22027800,-1
465,1,STEP,752755022900,752776913800,21890900,-1
466,1,STEP,752776953400,752798811300,21857900,-1
467,1,STEP,752798859800,752820524500,21664700,-1
468,1,STEP,752820569500,752842378300,21808800,-1
469,1,STEP,752842424500,752865332700,22908200,-1
470,1,STEP,752865374300,752887162200,21787900,-1
471,1,STEP,752887224200,752909109400,21885200,-1
472,1,STEP,752909159000,752931371100,22212100,-1
473,1,STEP,752931407500,752953762400,22354900,-1
474,1,STEP,752953804500,752975964900,22160400,-1
475,1,STEP,752976009900,752997655100,21645200,-1
476,1,STEP,752997709800,753019529500,21819700,-1
477,1,STEP,753019580200,753042276400,22696200,-1
478,1,STEP,753042322700,753064828600,22505900,-1
479,1,STEP,753064872200,753086771600,21899400,-1
480,1,STEP,753086828200,753108587400,21759200,-1
481,1,STEP,753108640400,753130270800,21630400,-1
482,1,STEP,753130306400,753152269200,21962800,-1
483,1,STEP,753152323300,753174409000,22085700,-1
484,1,STEP,753174463900,753196286500,21822600,-1
485,1,STEP,753196369800,753218294200,21924400,-1
486,1,STEP,753218366600,753240370800,22004200,-1
487,1,STEP,753240428100,753262509100,22081000,-1
488,1,STEP,753262572600,753284597000,22024400,-1
489,1,STEP,753284648300,753306561400,21913100,-1
490,1,STEP,753306615000,753328121300,21506300,-1
491,1,STEP,753328185000,753349914200,21729200,-1
492,1,STEP,753349971400,753372217700,22246300,-1
493,1,STEP,753372273400,753394332500,22059100,-1
494,1,STEP,753394388800,753416198400,21809600,-1
495,1,STEP,753416258800,753438617300,22358500,-1
496,1,STEP,753438667300,753460559800,21892500,-1
497,1,STEP,753460624300,753482159800,21535500,-1
498,1,STEP,753482263100,753504940800,22677700,-1
499,1,STEP,753504990300,753526661700,21671400,-1
500,1,STEP,753526742100,753548733200,21991100,-1
501,1,STEP,753548787400,753570363300,21575900,-1
502,1,STEP,753570424500,753591760200,21335700,-1
503,1,STEP,753591817200,753613532200,21715000,-1
504,1,STEP,753613588100,753635428200,21840100,-1
505,1,STEP,753635494400,753657803900,22309500,-1
506,1,STEP,753657859300,753679235200,21375900,-1
507,1,STEP,753679292400,753701100200,21807800,-1
508,1,STEP,753701156300,753723088100,21931800,-1
509,1,STEP,753723137100,753745187200,22050100,-1
510,1,STEP,753745254200,753767915700,22661500,-1
511,1,STEP,753767965600,753789879200,21913600,-1
512,1,STEP,753789927800,753811607000,21679200,-1
513,1,STEP,753811652900,753833843000,22190100,-1
514,1,STEP,753833894900,753855532400,21637500,-1
515,1,STEP,753855585400,753878083500,22498100,-1
516,1,STEP,753878145800,753900743800,22598000,-1
517,1,STEP,753900792400,753922468200,21675800,-1
518,1,STEP,753922522300,753944408300,21886000,-1
519,1,STEP,753944466200,753967678900,23212700,-1
520,1,STEP,753967730900,753989464300,21733400,-1
521,1,STEP,753989517400,754011134800,21617400,-1
522,1,STEP,754011181600,754033551500,22369900,-1
523,1,STEP,754033600500,754055344500,21744000,-1
524,1,STEP,754055399600,754077216900,21817300,-1
525,1,STEP,754077270700,754100385900,23115200,-1
526,1,STEP,754100448400,754122989500,22541100,-1
527,1,STEP,754123047400,754145689300,22641900,-1
528,1,STEP,754145745200,754168337500,22592300,-1
529,1,STEP,754168394000,754190256200,21862200,-1
530,1,STEP,754190308900,754213115800,22806900,-1
531,1,STEP,754213169100,754235311200,22142100,-1
532,1,STEP,754235367600,754256969900,21602300,-1
533,1,STEP,754257048500,754279029300,21980800,-1
534,1,STEP,754279093500,754301559000,22465500,-1
535,1,STEP,754301622000,754324554900,22932900,-1
536,1,STEP,754324610000,754346614100,22004100,-1
537,1,STEP,754346675900,754368380100,21704200,-1
538,1,STEP,754368442200,754390461000,22018800,-1
539,1,STEP,754390523200,754412664000,22140800,-1
540,1,STEP,754412729500,754434383100,21653600,-1
541,1,STEP,754434437200,754456476600,22039400,-1
542,1,STEP,754456530700,754479460200,22929500,-1
543,1,STEP,754479516900,754501478000,21961100,-1
544,1,STEP,754501531900,754523474800,21942900,-1
545,1,STEP,754523531200,754545259300,21728100,-1
546,1,STEP,754545313400,754566820500,21507100,-1
547,1,STEP,754566876100,754589106400,22230300,-1
548,1,STEP,754589155800,754610760000,21604200,-1
549,1,STEP,754610818300,754633910500,23092200,-1
550,1,STEP,754633969200,754656126400,22157200,-1
551,1,STEP,754656192600,754677743800,21551200,-1
552,1,STEP,754677796900,754700452800,22655900,-1
553,1,STEP,754700503000,754722431400,21928400,-1
554,1,STEP,754722479600,754744729200,22249600,-1
555,1,STEP,754744777500,754766635800,21858300,-1
556,1,STEP,754766707700,754789073300,22365600,-1
557,1,STEP,754789121900,754811449500,22327600,-1
558,1,STEP,754811498900,754833442100,21943200,-1
559,1,STEP,754833499200,754854643900,21144700,-1
560,1,STEP,754854737000,754876847100,22110100,-1
561,1,STEP,754876899000,754899329700,22430700,-1
562,1,STEP,754899386300,754921836900,22450600,-1
563,1,STEP,754921886200,754944275600,22389400,-1
564,1,STEP,754944323000,754967517500,23194500,-1
565,1,STEP,754967574200,754990673900,23099700,-1
566,1,STEP,754990787900,755014650300,23862400,-1
567,1,STEP,755014725500,755036702200,21976700,-1
568,1,STEP,755036803500,755058930500,22127000,-1
569,1,STEP,755059004600,755081074000,22069400,-1
570,1,STEP,755081151800,755103463100,22311300,-1
571,1,STEP,755103514200,755125955500,22441300,-1
572,1,STEP,755126006300,755148450700,22444400,-1
573,1,STEP,755148522800,755170936600,22413800,-1
574,1,STEP,755170989900,755192914200,21924300,-1
575,1,STEP,755192965200,755214573100,21607900,-1
576,1,STEP,755214618900,755236674700,22055800,-1
577,1,STEP,755236717400,755259268400,22551000,-1
578,1,STEP,755259322700,755281966400,22643700,-1
579,1,STEP,755282024500,755304153100,22128600,-1
580,1,STEP,755304209000,755326975800,22766800,-1
581,1,STEP,755327029100,755349711100,22682000,-1
582,1,STEP,755349788600,755371895700,22107100,-1
583,1,STEP,755371951800,755394358400,22406600,-1
584,1,STEP,755394408100,755416802400,22394300,-1
585,1,STEP,755416861600,755440448500,23586900,-1
586,1,STEP,755440503100,755463001100,22498000,-1
587,1,STEP,755463053000,755484870900,21817900,-1
588,1,STEP,755484914500,755507471300,22556800,-1
589,1,STEP,755507535100,755529907200,22372100,-1
590,1,STEP,755529961500,755553199800,23238300,-1
591,1,STEP,755553250800,755576118900,22868100,-1
592,1,STEP,755576169800,755599453300,23283500,-1
593,1,STEP,755599505300,755621797000,22291700,-1
594,1,STEP,755621856700,755644094600,22237900,-1
595,1,STEP,755644152900,755666080600,21927700,-1
596,1,STEP,755666145100,755688543400,22398300,-1
597,1,STEP,755688591100,755711699900,23108800,-1
598,1,STEP,755711749200,755734268300,22519100,-1
599,1,STEP,755734309300,755756121200,21811900,-1
600,1,STEP,755756167400,755778563000,22395600,-1
601,1,STEP,755778604700,755800316500,21711800,-1
602,1,STEP,755800372500,755823191200,22818700,-1
603,1,STEP,755823241100,755845576200,22335100,-1
604,1,STEP,755845633700,755867490100,21856400,-1
605,1,STEP,755867558600,755889997400,22438800,-1
606,1,STEP,755890046200,755912408900,22362700,-1
607,1,STEP,755912464500,755935019300,22554800,-1
608,1,STEP,755935070900,755957218300,22147400,-1
609,1,STEP,755957267700,755979718600,22450900,-1
610,1,STEP,755979761100,756002303600,22542500,-1
611,1,STEP,756002356600,756024925000,22568400,-1
612,1,STEP,756024988300,756047129200,22140900,-1
613,1,STEP,756047183200,756069321900,22138700,-1
614,1,STEP,756069374000,756091428700,22054700,-1
615,1,STEP,756091480100,756114548100,23068000,-1
616,1,STEP,756114606600,756138617400,24010800,-1
617,1,STEP,756138670700,756163254100,24583400,-1
618,1,STEP,756163365900,756186652000,23286100,-1
619,1,STEP,756186705400,756209510800,22805400,-1
620,1,STEP,756209561200,756233806500,24245300,-1
621,1,STEP,756233865500,756258580700,24715200,-1
622,1,STEP,756258636000,756283258400,24622400,-1
623,1,STEP,756283311500,756307464500,24153000,-1
624,1,STEP,756307538400,756330946800,23408400,-1
625,1,STEP,756331005000,756353857400,22852400,-1
626,1,STEP,756353919800,756377507700,23587900,-1
627,1,STEP,756377585700,756400760100,23174400,-1
628,1,STEP,756400825400,756424817300,23991900,-1
629,1,STEP,756424877800,756448449400,23571600,-1
630,1,STEP,756448518800,756472136700,23617900,-1
631,1,STEP,756472221400,756495603800,23382400,-1
632,1,STEP,756495658500,756519266300,23607800,-1
633,1,STEP,756519320700,756543653000,24332300,-1
634,1,STEP,756543715200,756567108000,23392800,-1
635,1,STEP,756567158300,756591941100,24782800,-1
636,1,STEP,756592056000,756615915900,23859900,-1
637,1,STEP,756615984700,756639732400,23747700,-1
638,1,STEP,756639780500,756662980200,23199700,-1
639,1,STEP,756663100200,756686697700,23597500,-1
640,1,STEP,756686742000,756710994200,24252200,-1
641,1,STEP,756711055300,756734275100,23219800,-1
642,1,STEP,756734324800,756758409700,24084900,-1
643,1,STEP,756758464200,756782778900,24314700,-1
644,1,STEP,756782831500,756806179700,23348200,-1
645,1,STEP,756806233100,756829834100,23601000,-1
646,1,STEP,756829884100,756852855700,22971600,-1
647,1,STEP,756852908600,756875991600,23083000,-1
648,1,STEP,756876052700,756899117100,23064400,-1
649,1,STEP,756899219500,756923651600,24432100,-1
650,1,STEP,756923706600,756947623000,23916400,-1
651,1,STEP,756947674600,756971110700,23436100,-1
652,1,STEP,756971166200,756995335800,24169600,-1
653,1,STEP,756995389200,757018788300,23399100,-1
654,1,STEP,757018849100,757042574900,23725800,-1
655,1,STEP,757042624800,757065691400,23066600,-1
656,1,STEP,757065799900,757089891700,24091800,-1
657,1,STEP,757089938500,757112729100,22790600,-1
658,1,STEP,757112777700,757135438200,22660500,-1
659,1,STEP,757135501400,757158989000,23487600,-1
660,1,STEP,757159038400,757183230500,24192100,-1
661,1,STEP,757183285300,757206312500,23027200,-1
662,1,STEP,757206362300,757229576600,23214300,-1
663,1,STEP,757229633700,757253010400,23376700,-1
664,1,STEP,757253064900,757276628300,23563400,-1
665,1,STEP,757276674400,757299582100,22907700,-1
666,1,STEP,757299630100,757322774800,23144700,-1
667,1,STEP,757322845100,757346042300,23197200,-1
668,1,STEP,757346140800,757369358500,23217700,-1
669,1,STEP,757369418300,757392984200,23565900,-1
670,1,STEP,757393084500,757416744600,23660100,-1
671,1,STEP,757416809500,757439559500,22750000,-1
672,1,STEP,757439630000,757462652000,23022000,-1
673,1,STEP,757462711800,757485987600,23275800,-1
674,1,STEP,757486047700,757509216100,23168400,-1
675,1,STEP,757509264800,757532209800,22945000,-1
676,1,STEP,757532268000,757555609500,23341500,-1
677,1,STEP,757555660800,757577707200,22046400,-1
678,1,STEP,757577756600,757600003700,22247100,-1
679,1,STEP,757600058800,757622487300,22428500,-1
680,1,STEP,757622548700,757644082100,21533400,-1
681,1,STEP,757644146100,757666865300,22719200,-1
682,1,STEP,757666917000,757689998700,23081700,-1
683,1,STEP,757690060900,757712806700,22745800,-1
684,1,STEP,757712860600,757734912000,22051400,-1
685,1,STEP,757734962600,757756976500,22013900,-1
686,1,STEP,757757030400,757779183200,22152800,-1
687,1,STEP,757779227700,757801380700,22153000,-1
688,1,STEP,757801443000,757822810100,21367100,-1
689,1,STEP,757822884400,757844646200,21761800,-1
690,1,STEP,757844704200,757867152400,22448200,-1
691,1,STEP,757867205000,757889309800,22104800,-1
692,1,STEP,757889354300,757911167500,21813200,-1
693,1,STEP,757911216500,757933339300,22122800,-1
694,1,STEP,757933390700,757955235300,21844600,-1
695,1,STEP,757955277400,757977355000,22077600,-1
696,1,STEP,757977405600,758000217400,22811800,-1
697,1,STEP,758000262900,758021738900,21476000,-1
698,1,STEP,758021788000,758043782700,21994700,-1
699,1,STEP,758043840500,758065929400,22088900,-1
700,1,STEP,758065977200,758089482500,23505300,-1
701,1,STEP,758089536600,758111757800,22221200,-1
702,1,STEP,758111824200,758134348900,22524700,-1
703,1,STEP,758134400100,758156137600,21737500,-1
704,1,STEP,758156190800,758178175300,21984500,-1
705,1,STEP,758178222800,758200310600,22087800,-1
706,1,STEP,758200382200,758221897700,21515500,-1
707,1,STEP,758221945400,758243984600,22039200,-1
708,1,STEP,758244033000,758265818500,21785500,-1
709,1,STEP,758265874800,758287873400,21998600,-1
710,1,STEP,758287930500,758310323400,22392900,-1
711,1,STEP,758310380100,758332833600,22453500,-1
712,1,STEP,758332892700,758354549000,21656300,-1
713,1,STEP,758354607500,758376987100,22379600,-1
714,1,STEP,758377045300,758398519200,21473900,-1
715,1,STEP,758398579800,758420841500,22261700,-1
716,1,STEP,758420897100,758443071000,22173900,-1
717,1,STEP,758443120100,758465839600,22719500,-1
718,1,STEP,758465898800,758488248800,22350000,-1
719,1,STEP,758488300000,758509834100,21534100,-1
720,1,STEP,758509901600,758532110600,22209000,-1
721,1,STEP,758532169900,758554542100,22372200,-1
722,1,STEP,758554603000,758577805300,23202300,-1
723,1,STEP,758577854100,758601319700,23465600,-1
724,1,STEP,758601375800,758625133200,23757400,-1
725,1,STEP,758625203500,758647966900,22763400,-1
726,1,STEP,758648031500,758671668900,23637400,-1
727,1,STEP,758671731700,758695241100,23509400,-1
728,1,STEP,758695292000,758718322300,23030300,-1
729,1,STEP,758718390700,758741331100,22940400,-1
730,1,STEP,758741380400,758765035500,23655100,-1
731,1,STEP,758765089200,758788671000,23581800,-1
732,1,STEP,758788729000,758812083100,23354100,-1
733,1,STEP,758812138100,758836520200,24382100,-1
734,1,STEP,758836580200,758859554200,22974000,-1
735,1,STEP,758859615800,758883121400,23505600,-1
736,1,STEP,758883174000,758906825700,23651700,-1
737,1,STEP,758906880700,758930324400,23443700,-1
738,1,STEP,758930374700,758953367400,22992700,-1
739,1,STEP,758953420600,758977453100,24032500,-1
740,1,STEP,758977509800,759001249300,23739500,-1
741,1,STEP,759001355800,759024017700,22661900,-1
742,1,STEP,759024067700,759046937900,22870200,-1
743,1,STEP,759046987200,759070954300,23967100,-1
744,1,STEP,759071004000,759094103800,23099800,-1
745,1,STEP,759094159500,759117393700,23234200,-1
746,1,STEP,759117445200,759140778400,23333200,-1
747,1,STEP,759140849400,759164392900,23543500,-1
748,1,STEP,759164443300,759187805500,23362200,-1
749,1,STEP,759187859800,759211338300,23478500,-1
750,1,STEP,759211394000,759234664100,23270100,-1
751,1,STEP,759234705200,759258701400,23996200,-1
752,1,STEP,759258762400,759282064100,23301700,-1
753,1,STEP,759282111800,759305248800,23137000,-1
754,1,STEP,759305301600,759329002800,23701200,-1
755,1,STEP,759329053000,759352140000,23087000,-1
756,1,STEP,759352191500,759376082700,23891200,-1
757,1,STEP,759376136700,759400803500,24666800,-1
758,1,STEP,759400852600,759424773900,23921300,-1
759,1,STEP,759424823500,759448367400,23543900,-1
760,1,STEP,759448420200,759471917400,23497200,-1
761,1,STEP,759471972100,759495575800,23603700,-1
762,1,STEP,759495626000,759518886000,23260000,-1
763,1,STEP,759518938800,759542697500,23758700,-1
764,1,STEP,759542765800,759566491800,23726000,-1
765,1,STEP,759566550400,759590138000,23587600,-1
766,1,STEP,759590209600,759613025000,22815400,-1
767,1,STEP,759613079700,759636432600,23352900,-1
768,1,STEP,759636480500,759659415100,22934600,-1
769,1,STEP,759659460000,759682413700,22953700,-1
770,1,STEP,759682484400,759705655800,23171400,-1
771,1,STEP,759705699000,759728755800,23056800,-1
772,1,STEP,759728800900,759751874500,23073600,-1
773,1,STEP,759751933400,759774716600,22783200,-1
774,1,STEP,759774759800,759798916800,24157000,-1
775,1,STEP,759798967400,759822116100,23148700,-1
776,1,STEP,759822173100,759845636000,23462900,-1
777,1,STEP,759845680500,759869077900,23397400,-1
778,1,STEP,759869120600,759893186900,24066300,-1
779,1,STEP,759893236000,759916082000,22846000,-1
780,1,STEP,759916126000,759939032800,22906800,-1
781,1,STEP,759939082700,759962214900,23132200,-1
782,1,STEP,759962264300,759985970300,23706000,-1
783,1,STEP,759986022800,760008975300,22952500,-1
784,1,STEP,760009037100,760032087200,23050100,-1
785,1,STEP,760032146300,760055757200,23610900,-1
786,1,STEP,760055814900,760078439100,22624200,-1
787,1,STEP,760078504000,760101864500,23360500,-1
788,1,STEP,760101915400,760125064300,23148900,-1
789,1,STEP,760125176000,760148094800,22918800,-1
790,1,STEP,760148176400,760170984900,22808500,-1
791,1,STEP,760171033300,760194168500,23135200,-1
792,1,STEP,760194223600,760216779600,22556000,-1
793,1,STEP,760216830100,760238621300,21791200,-1
794,1,STEP,760238664200,760261144800,22480600,-1
795,1,STEP,760261192500,760282908100,21715600,-1
796,1,STEP,760282955700,760305590500,22634800,-1
797,1,STEP,760305641700,760328333600,22691900,-1
798,1,STEP,760328388900,760350315900,21927000,-1
799,1,STEP,760350367200,760372317500,21950300,-1
800,1,STEP,760372366200,760394446500,22080300,-1
801,1,STEP,760394503400,760416100500,21597100,-1
802,1,STEP,760416163300,760438447600,22284300,-1
803,1,STEP,760438547100,760460264400,21717300,-1
804,1,STEP,760460321200,760482602700,22281500,-1
805,1,STEP,760482700500,760504387200,21686700,-1
806,1,STEP,760504508000,760526856700,22348700,-1
807,1,STEP,760526911900,760548821900,21910000,-1
808,1,STEP,760548885000,760570309400,21424400,-1
809,1,STEP,760570360800,760591630600,21269800,-1
810,1,STEP,760591687800,760613416900,21729100,-1
811,1,STEP,760613470400,760634911700,21441300,-1
812,1,STEP,760634969600,760657097600,22128000,-1
813,1,STEP,760657160400,760678991500,21831100,-1
814,1,STEP,760679043400,760700577200,21533800,-1
815,1,STEP,760700623900,760722796400,22172500,-1
816,1,STEP,760722844700,760744201700,21357000,-1
817,1,STEP,760744251400,760765905700,21654300,-1
818,1,STEP,760765961100,760788152000,22190900,-1
819,1,STEP,760788199000,760809993600,21794600,-1
820,1,STEP,760810044600,760831754300,21709700,-1
821,1,STEP,760831799100,760854428900,22629800,-1
822,1,STEP,760854476000,760876082900,21606900,-1
823,1,STEP,760876126800,760898111500,21984700,-1
824,1,STEP,760898161400,760919479500,21318100,-1
825,1,STEP,760919549400,760941446100,21896700,-1
826,1,STEP,760941497600,760963895700,22398100,-1
827,1,STEP,760963947400,760985590100,21642700,-1
828,1,STEP,760985636200,761007227700,21591500,-1
829,1,STEP,761007274600,761029061200,21786600,-1
830,1,STEP,761029123100,761051440700,22317600,-1
831,1,STEP,761051481400,761073087600,21606200,-1
832,1,STEP,761073147700,761095295300,22147600,-1
833,1,STEP,761095354700,761116935100,21580400,-1
834,1,STEP,761116974300,761138845000,21870700,-1
835,1,STEP,761138903200,761160957600,22054400,-1
836,1,STEP,761161012700,761182400200,21387500,-1
837,1,STEP,761182448600,761205477400,23028800,-1
838,1,STEP,761205522700,761227537400,22014700,-1
839,1,STEP,761227682400,761249454300,21771900,-1
840,1,STEP,761249506000,761271025800,21519800,-1
841,1,STEP,761271066200,761293130900,22064700,-1
842,1,STEP,761293168000,761315604500,22436500,-1
843,1,STEP,761315642900,761337957100,22314200,-1
844,1,STEP,761338041100,761359710300,21669200,-1
845,1,STEP,761359756000,761381397500,21641500,-1
846,1,STEP,761381468400,761403348700,21880300,-1
847,1,STEP,761403417600,761424817700,21400100,-1
848,1,STEP,761424872000,761447095800,22223800,-1
849,1,STEP,761447162000,761468948600,21786600,-1
850,1,STEP,761469012000,761491144100,22132100,-1
851,1,STEP,761491190400,761512990600,21800200,-1
852,1,STEP,761513036700,761534733400,21696700,-1
853,1,STEP,761534777500,761556508300,21730800,-1
854,1,STEP,761556562500,761577750000,21187500,-1
855,1,STEP,761577795200,761599585600,21790400,-1
856,1,STEP,761599632500,761621407700,21775200,-1
857,1,STEP,761621449700,761643955800,22506100,-1
858,1,STEP,761644020500,761667137400,23116900,-1
859,1,STEP,761667190700,761691669000,24478300,-1
860,1,STEP,761691734700,761715634800,23900100,-1
861,1,STEP,761715695500,761739429500,23734000,-1
862,1,STEP,761739500300,761763275800,23775500,-1
863,1,STEP,761763326000,761786736100,23410100,-1
864,1,STEP,761786795900,761810678700,23882800,-1
865,1,STEP,761810726600,761834260600,23534000,-1
866,1,STEP,761834315700,761858592500,24276800,-1
867,1,STEP,761858644700,761882278800,23634100,-1
868,1,STEP,761882327100,761906339700,24012600,-1
869,1,STEP,761906392900,761931336000,24943100,-1
870,1,STEP,761931456900,761955256100,23799200,-1
871,1,STEP,761955324800,761979703400,24378600,-1
872,1,STEP,761979754500,762003470900,23716400,-1
873,1,STEP,762003522800,762026668200,23145400,-1
874,1,STEP,762026722200,762050453900,23731700,-1
875,1,STEP,762050511000,762074405800,23894800,-1
876,1,STEP,762074458300,762098215700,23757400,-1
877,1,STEP,762098258600,762122320500,24061900,-1
878,1,STEP,762122380100,762146805600,24425500,-1
879,1,STEP,762146872300,762170555500,23683200,-1
880,1,STEP,762170615200,762194196600,23581400,-1
881,1,STEP,762194252800,762217014200,22761400,-1
882,1,STEP,762217067700,762241376900,24309200,-1
883,1,STEP,762241447700,762264042900,22595200,-1
884,1,STEP,762264111800,762286363700,22251900,-1
885,1,STEP,762286420400,762309311200,22890800,-1
886,1,STEP,762309366600,762330962200,21595600,-1
887,1,STEP,762331013500,762352951300,21937800,-1
888,1,STEP,762352997800,762374814800,21817000,-1
889,1,STEP,762374866800,762396520800,21654000,-1
890,1,STEP,762396578100,762418892900,22314800,-1
891,1,STEP,762418947500,762441103200,22155700,-1
892,1,STEP,762441150700,762463575900,22425200,-1
893,1,STEP,762463628900,762485761100,22132200,-1
894,1,STEP,762485974800,762508219100,22244300,-1
895,1,STEP,762508279400,762529961000,21681600,-1
896,1,STEP,762530040000,762552068700,22028700,-1
897,1,STEP,762552125300,762574219400,22094100,-1
898,1,STEP,762574274100,762596321200,22047100,-1
899,1,STEP,762596370700,762618238000,21867300,-1
900,1,STEP,762618284400,762640111900,21827500,-1
901,1,STEP,762640168800,762662206100,22037300,-1
902,1,STEP,762662283000,762684259500,21976500,-1
903,1,STEP,762684314400,762706315200,22000800,-1
904,1,STEP,762706368800,762728296400,21927600,-1
905,1,STEP,762728351500,762750898500,22547000,-1
906,1,STEP,762750952500,762773307500,22355000,-1
907,1,STEP,762773369400,762795492800,22123400,-1
908,1,STEP,762795545100,762817480100,21935000,-1
909,1,STEP,762817530400,762839515000,21984600,-1
910,1,STEP,762839563800,762862016700,22452900,-1
911,1,STEP,762862066800,762883966400,21899600,-1
912,1,STEP,762884023900,762905852300,21828400,-1
913,1,STEP,762905903900,762928223000,22319100,-1
914,1,STEP,762928277000,762950920700,22643700,-1
915,1,STEP,762950972700,762973427200,22454500,-1
916,1,STEP,762973490200,762994975000,21484800,-1
917,1,STEP,762995024700,763016780500,21755800,-1
918,1,STEP,763016838800,763038768900,21930100,-1
919,1,STEP,763038816500,763060647600,21831100,-1
920,1,STEP,763060699800,763082580300,21880500,-1
921,1,STEP,763082626400,763104919100,22292700,-1
922,1,STEP,763104974900,763126714500,21739600,-1
923,1,STEP,763126761700,763148304400,21542700,-1
924,1,STEP,763148355100,763170276500,21921400,-1
925,1,STEP,763170316900,763192318200,22001300,-1
926,1,STEP,763192365500,763214267100,21901600,-1
927,1,STEP,763214319000,763237011200,22692200,-1
928,1,STEP,763237113900,763261001200,23887300,-1
929,1,STEP,763261053800,763282941200,21887400,-1
930,1,STEP,763282985300,763305048500,22063200,-1
931,1,STEP,763305095600,763327468300,22372700,-1
932,1,STEP,763327516800,763349726200,22209400,-1
933,1,STEP,763349773000,763372537800,22764800,-1
934,1,STEP,763372589700,763394731600,22141900,-1
935,1,STEP,763394780600,763416707600,21927000,-1
936,1,STEP,763416758000,763438586500,21828500,-1
937,1,STEP,763438637200,763460478200,21841000,-1
938,1,STEP,763460540100,763482737800,22197700,-1
939,1,STEP,763482789800,763504289900,21500100,-1
940,1,STEP,763504340300,763525688800,21348500,-1
941,1,STEP,763525737200,763548004200,22267000,-1
942,1,STEP,763548072100,763570587500,22515400,-1
943,1,STEP,763570642900,763592447600,21804700,-1
944,1,STEP,763592500700,763614555100,22054400,-1
945,1,STEP,763614602400,763637101100,22498700,-1
946,1,STEP,763637192200,763658926800,21734600,-1
947,1,STEP,763658970600,763681050600,22080000,-1
948,1,STEP,763681092600,763703285200,22192600,-1
949,1,STEP,763703338700,763726391900,23053200,-1
950,1,STEP,763726448000,763749033500,22585500,-1
951,1,STEP,763749079700,763771149600,22069900,-1
952,1,STEP,763771218700,763793049700,21831000,-1
953,1,STEP,763793101500,763814604200,21502700,-1
954,1,STEP,763814665100,763836954500,22289400,-1
955,1,STEP,763837013500,763860223600,23210100,-1
956,1,STEP,763860272600,763881976400,21703800,-1
957,1,STEP,763882023800,763904553100,22529300,-1
958,1,STEP,763904599200,763926567800,21968600,-1
959,1,STEP,763926619300,763948774600,22155300,-1
960,1,STEP,763948815300,763971162800,22347500,-1
961,1,STEP,763971213700,763993989700,22776000,-1
962,1,STEP,763994042200,764015832500,21790300,-1
963,1,STEP,764015886500,764037813700,21927200,-1
964,1,STEP,764037867600,764060179200,22311600,-1
965,1,STEP,764060240300,764081735400,21495100,-1
966,1,STEP,764081799900,764103345100,21545200,-1
967,1,STEP,764103400200,764125441600,22041400,-1
968,1,STEP,764125503400,764147234900,21731500,-1
969,1,STEP,764147294900,764169232500,21937600,-1
970,1,STEP,764169298500,764191482100,22183600,-1
971,1,STEP,764191528500,764213593500,22065000,-1
972,1,STEP,764213648200,764235812600,22164400,-1
973,1,STEP,764235864500,764257662400,21797900,-1
974,1,STEP,764257807900,764279844100,22036200,-1
975,1,STEP,764279899100,764301844500,21945400,-1
976,1,STEP,764301911100,764324076800,22165700,-1
977,1,STEP,764324150900,764346506900,22356000,-1
978,1,STEP,764346558800,764368560200,22001400,-1
979,1,STEP,764368612500,764390481400,21868900,-1
980,1,STEP,764390537100,764412543700,22006600,-1
981,1,STEP,764412602500,764434402700,21800200,-1
982,1,STEP,764434470900,764456501100,22030200,-1
983,1,STEP,764456552300,764478719800,22167500,-1
984,1,STEP,764478765600,764502208000,23442400,-1
985,1,STEP,764502319600,764525386200,23066600,-1
986,1,STEP,764525440500,764548015700,22575200,-1
987,1,STEP,764548063500,764570149800,22086300,-1
988,1,STEP,764570201600,764592921100,22719500,-1
989,1,STEP,764592990700,764615000400,22009700,-1
990,1,STEP,764615065600,764637875500,22809900,-1
991,1,STEP,764637931000,764659920200,21989200,-1
992,1,STEP,764659972700,764682947600,22974900,-1
993,1,STEP,764683086100,764706368100,23282000,-1
994,1,STEP,764706416000,764728410900,21994900,-1
995,1,STEP,764728461100,764750519000,22057900,-1
996,1,STEP,764750570100,764772436300,21866200,-1
997,1,STEP,764772487900,764795795500,23307600,-1
998,1,STEP,764795859000,764819159500,23300500,-1
999,1,STEP,764819211200,764841321500,22110300,-1
